0 0.19866071428571427 0.39732142857142855 0.12946428571428573 0.14285714285714285 
0 0.30357142857142855 0.2611607142857143 0.09821428571428571 0.13839285714285715 
0 0.4263392857142857 0.39955357142857145 0.12053571428571429 0.13839285714285715 
0 0.5357142857142857 0.26339285714285715 0.125 0.14285714285714285 
0 0.6361607142857143 0.39732142857142855 0.10267857142857142 0.14285714285714285 
0 0.75 0.2767857142857143 0.11607142857142858 0.14285714285714285 
0 0.8504464285714286 0.4017857142857143 0.15625 0.14285714285714285 
0 0.9776785714285714 0.28125 0.14285714285714285 0.13392857142857142 
0 0.203125 0.9263392857142857 0.14732142857142858 0.13839285714285715 
0 0.31919642857142855 0.8058035714285714 0.12053571428571429 0.12946428571428573 
0 0.42857142857142855 0.921875 0.125 0.14732142857142858 
0 0.5401785714285714 0.796875 0.125 0.12946428571428573 
0 0.6540178571428571 0.9308035714285714 0.11160714285714286 0.13839285714285715 
0 0.7633928571428571 0.8013392857142857 0.125 0.13839285714285715 
0 0.8794642857142857 0.9397321428571429 0.11607142857142858 0.14732142857142858 
0 0.9776785714285714 0.8058035714285714 0.125 0.12946428571428573 
