0 0.008928571428571428 0.11830357142857142 0.125 0.16517857142857142 
0 0.020089285714285716 0.5133928571428571 0.14732142857142858 0.16071428571428573 
0 0.6540178571428571 0.9888392857142857 0.15625 0.20089285714285715 
0 0.8683035714285714 0.9888392857142857 0.16517857142857142 0.20089285714285715 
0 0.5580357142857143 0.4174107142857143 0.11607142857142858 0.20089285714285715 
0 0.6629464285714286 0.5357142857142857 0.08482142857142858 0.17857142857142858 
0 0.7433035714285714 0.41517857142857145 0.08482142857142858 0.17857142857142858 
0 0.8125 0.5491071428571429 0.08928571428571429 0.17857142857142858 
0 0.8950892857142857 0.41964285714285715 0.09375 0.16964285714285715 
0 0.9866071428571429 0.5558035714285714 0.09821428571428571 0.16517857142857142 
