0 0.296875 0.11383928571428571 0.12946428571428573 0.15625 
0 0.47098214285714285 0.11830357142857142 0.12946428571428573 0.15625 
0 0.6495535714285714 0.125 0.11160714285714286 0.16071428571428573 
0 0.9821428571428571 0.12723214285714285 0.125 0.15625 
0 0.30357142857142855 0.49776785714285715 0.14285714285714285 0.18303571428571427 
0 0.484375 0.5044642857142857 0.10267857142857142 0.15178571428571427 
0 0.6540178571428571 0.5089285714285714 0.12946428571428573 0.15178571428571427 
0 0.8169642857142857 0.5111607142857143 0.13392857142857142 0.15625 
0 0.9955357142857143 0.5089285714285714 0.14285714285714285 0.15178571428571427 
0 0.3950892857142857 0.640625 0.12946428571428573 0.15625 
