0 0.21205357142857142 0.45982142857142855 0.12946428571428573 0.13392857142857142 
0 0.3236607142857143 0.3325892857142857 0.12053571428571429 0.12946428571428573 
0 0.44419642857142855 0.4486607142857143 0.12946428571428573 0.14732142857142858 
0 0.5491071428571429 0.3325892857142857 0.11607142857142858 0.13839285714285715 
0 0.6629464285714286 0.4642857142857143 0.12053571428571429 0.15178571428571427 
0 0.7700892857142857 0.33705357142857145 0.13839285714285715 0.12946428571428573 
0 0.875 0.45535714285714285 0.125 0.14285714285714285 
0 0.9888392857142857 0.34375 0.11160714285714286 0.125 
0 0.21428571428571427 0.9955357142857143 0.11607142857142858 0.13392857142857142 
0 0.32142857142857145 0.8616071428571429 0.11607142857142858 0.13392857142857142 
0 0.4486607142857143 1.0 0.12946428571428573 0.14285714285714285 
0 0.546875 0.8683035714285714 0.11160714285714286 0.12946428571428573 
0 0.6629464285714286 0.9955357142857143 0.11160714285714286 0.13392857142857142 
0 0.8928571428571429 0.9977678571428571 0.10714285714285714 0.13839285714285715 
0 0.9955357142857143 0.8727678571428571 0.13392857142857142 0.13839285714285715 
