0 0.13616071428571427 0.7566964285714286 0.08482142857142858 0.06696428571428571 
0 0.07589285714285714 0.8102678571428571 0.07142857142857142 0.06696428571428571 
0 0.15848214285714285 0.8125 0.07589285714285714 0.05357142857142857 
0 0.21205357142857142 0.7544642857142857 0.05803571428571429 0.05357142857142857 
0 0.24107142857142858 0.8058035714285714 0.07142857142857142 0.06696428571428571 
0 0.28125 0.7589285714285714 0.05357142857142857 0.0625 
0 0.31919642857142855 0.8080357142857143 0.06696428571428571 0.0625 
0 0.3638392857142857 0.7633928571428571 0.05803571428571429 0.0625 
0 0.39955357142857145 0.8080357142857143 0.05803571428571429 0.0625 
0 0.04017857142857143 0.9486607142857143 0.07142857142857142 0.05803571428571429 
0 0.11383928571428571 0.9553571428571429 0.05803571428571429 0.0625 
0 0.20089285714285715 0.9575892857142857 0.0625 0.049107142857142856 
0 0.2767857142857143 0.9486607142857143 0.0625 0.049107142857142856 
0 0.32142857142857145 1.0 0.044642857142857144 0.05357142857142857 
0 0.35714285714285715 0.9553571428571429 0.0625 0.044642857142857144 
0 0.3794642857142857 1.0 0.0625 0.0625 
0 0.41964285714285715 0.9598214285714286 0.05357142857142857 0.05357142857142857 
0 0.4575892857142857 0.9977678571428571 0.05803571428571429 0.05803571428571429 
0 0.5044642857142857 0.953125 0.0625 0.05803571428571429 
0 0.5625 0.9575892857142857 0.05357142857142857 0.04017857142857143 
