0 0.27455357142857145 0.06696428571428571 0.07589285714285714 0.08035714285714286 
0 0.37276785714285715 0.06473214285714286 0.05803571428571429 0.08482142857142858 
0 0.4375 0.004464285714285714 0.0625 0.08035714285714286 
0 0.4799107142857143 0.07142857142857142 0.06696428571428571 0.08928571428571429 
0 0.5714285714285714 0.0625 0.07142857142857142 0.08035714285714286 
0 0.6696428571428571 0.05580357142857143 0.0625 0.07589285714285714 
0 0.7767857142857143 0.05803571428571429 0.05357142857142857 0.07142857142857142 
0 0.8794642857142857 0.0625 0.0625 0.07142857142857142 
0 0.9799107142857143 0.05580357142857143 0.07589285714285714 0.07589285714285714 
0 0.9821428571428571 0.24553571428571427 0.0625 0.08928571428571429 
0 0.9241071428571429 0.31919642857142855 0.07142857142857142 0.08482142857142858 
0 0.8950892857142857 0.2544642857142857 0.05803571428571429 0.08035714285714286 
0 0.828125 0.3169642857142857 0.05803571428571429 0.07142857142857142 
0 0.7254464285714286 0.32589285714285715 0.07589285714285714 0.07142857142857142 
0 0.6741071428571429 0.26339285714285715 0.0625 0.07142857142857142 
0 0.6294642857142857 0.3236607142857143 0.07142857142857142 0.08482142857142858 
0 0.5848214285714286 0.2611607142857143 0.07142857142857142 0.07589285714285714 
0 0.5334821428571429 0.3236607142857143 0.06696428571428571 0.08482142857142858 
0 0.4888392857142857 0.25892857142857145 0.06696428571428571 0.08035714285714286 
0 0.3794642857142857 0.25892857142857145 0.05357142857142857 0.08035714285714286 
0 0.33482142857142855 0.3325892857142857 0.0625 0.08482142857142858 
0 0.2767857142857143 0.26785714285714285 0.0625 0.08928571428571429 
0 0.3080357142857143 0.546875 0.07142857142857142 0.08482142857142858 
0 0.40625 0.5379464285714286 0.08035714285714286 0.08482142857142858 
0 0.5133928571428571 0.5424107142857143 0.0625 0.09375 
0 0.6339285714285714 0.53125 0.0625 0.08928571428571429 
0 0.7366071428571429 0.5334821428571429 0.0625 0.08482142857142858 
0 0.84375 0.5357142857142857 0.07142857142857142 0.08928571428571429 
0 0.5959821428571429 0.9821428571428571 0.049107142857142856 0.08035714285714286 
0 0.6741071428571429 0.9821428571428571 0.044642857142857144 0.0625 
0 0.7388392857142857 0.9799107142857143 0.049107142857142856 0.07589285714285714 
0 0.8035714285714286 0.984375 0.0625 0.07589285714285714 
0 0.8794642857142857 0.9866071428571429 0.044642857142857144 0.07142857142857142 
0 0.9441964285714286 0.984375 0.049107142857142856 0.07589285714285714 
