0 0.08035714285714286 0.05133928571428571 0.0625 0.07589285714285714 
0 0.17410714285714285 0.05357142857142857 0.07142857142857142 0.07142857142857142 
0 0.2767857142857143 0.05133928571428571 0.07142857142857142 0.07589285714285714 
0 0.375 0.049107142857142856 0.0625 0.07142857142857142 
0 0.49107142857142855 0.046875 0.08035714285714286 0.08482142857142858 
0 0.5825892857142857 0.04241071428571429 0.06696428571428571 0.07589285714285714 
0 0.6875 0.044642857142857144 0.07142857142857142 0.08035714285714286 
0 0.7767857142857143 0.033482142857142856 0.0625 0.08482142857142858 
0 0.875 0.03794642857142857 0.0625 0.08482142857142858 
0 0.984375 0.04017857142857143 0.06696428571428571 0.08928571428571429 
0 0.9754464285714286 0.23660714285714285 0.08482142857142858 0.08928571428571429 
0 0.8883928571428571 0.234375 0.07142857142857142 0.08482142857142858 
0 0.7924107142857143 0.23660714285714285 0.07589285714285714 0.08035714285714286 
0 0.6785714285714286 0.22991071428571427 0.0625 0.07589285714285714 
0 0.5223214285714286 0.30357142857142855 0.07142857142857142 0.07142857142857142 
0 0.47767857142857145 0.23660714285714285 0.0625 0.08035714285714286 
0 0.4330357142857143 0.30357142857142855 0.07142857142857142 0.07142857142857142 
0 0.3325892857142857 0.31026785714285715 0.06696428571428571 0.06696428571428571 
0 0.27901785714285715 0.24776785714285715 0.06696428571428571 0.08482142857142858 
0 0.22544642857142858 0.30580357142857145 0.07589285714285714 0.07589285714285714 
0 0.17857142857142858 0.24107142857142858 0.0625 0.08035714285714286 
0 0.12946428571428573 0.3080357142857143 0.0625 0.08035714285714286 
0 0.07589285714285714 0.24330357142857142 0.07142857142857142 0.08482142857142858 
0 0.03794642857142857 0.3169642857142857 0.07589285714285714 0.08035714285714286 
0 0.2700892857142857 0.5223214285714286 0.07589285714285714 0.08928571428571429 
0 0.5825892857142857 0.5178571428571429 0.07589285714285714 0.08035714285714286 
0 0.7879464285714286 0.5044642857142857 0.07589285714285714 0.09821428571428571 
0 0.9084821428571429 0.5133928571428571 0.07589285714285714 0.08928571428571429 
0 0.8392857142857143 0.7276785714285714 0.0625 0.08928571428571429 
0 0.765625 0.7254464285714286 0.049107142857142856 0.09375 
0 0.6852678571428571 0.7321428571428571 0.049107142857142856 0.08928571428571429 
0 0.5111607142857143 0.7321428571428571 0.05803571428571429 0.08928571428571429 
0 0.4263392857142857 0.734375 0.049107142857142856 0.08482142857142858 
0 0.35044642857142855 0.7410714285714286 0.05803571428571429 0.08928571428571429 
0 0.2700892857142857 0.7410714285714286 0.049107142857142856 0.08035714285714286 
0 0.18080357142857142 0.7410714285714286 0.049107142857142856 0.09821428571428571 
0 0.09375 0.7410714285714286 0.044642857142857144 0.09821428571428571 
0 0.020089285714285716 0.7455357142857143 0.049107142857142856 0.09821428571428571 
0 0.004464285714285714 0.9776785714285714 0.03571428571428571 0.07142857142857142 
0 0.07589285714285714 0.9799107142857143 0.044642857142857144 0.07589285714285714 
0 0.14285714285714285 0.9776785714285714 0.03571428571428571 0.07142857142857142 
0 0.203125 0.9754464285714286 0.049107142857142856 0.06696428571428571 
0 0.26785714285714285 0.9732142857142857 0.044642857142857144 0.07142857142857142 
0 0.34151785714285715 0.9709821428571429 0.03125 0.06696428571428571 
0 0.41517857142857145 0.9709821428571429 0.05357142857142857 0.07589285714285714 
0 0.47767857142857145 0.9709821428571429 0.03571428571428571 0.06696428571428571 
0 0.5446428571428571 0.96875 0.044642857142857144 0.0625 
0 0.609375 0.96875 0.04017857142857143 0.07142857142857142 
0 0.6696428571428571 0.9642857142857143 0.044642857142857144 0.0625 
0 0.7477678571428571 0.9642857142857143 0.04017857142857143 0.0625 
0 0.8191964285714286 0.9642857142857143 0.049107142857142856 0.0625 
0 0.8839285714285714 0.9642857142857143 0.044642857142857144 0.0625 
0 0.9419642857142857 0.9575892857142857 0.03571428571428571 0.05803571428571429 
