0 0.08035714285714286 0.03571428571428571 0.05357142857142857 0.08035714285714286 
0 0.17410714285714285 0.026785714285714284 0.0625 0.08035714285714286 
0 0.27232142857142855 0.033482142857142856 0.0625 0.07589285714285714 
0 0.3861607142857143 0.026785714285714284 0.05803571428571429 0.08035714285714286 
0 0.4955357142857143 0.03125 0.08035714285714286 0.08035714285714286 
0 0.5848214285714286 0.022321428571428572 0.07142857142857142 0.08928571428571429 
0 0.5915178571428571 0.21875 0.07589285714285714 0.08035714285714286 
0 0.5446428571428571 0.28348214285714285 0.08035714285714286 0.09375 
0 0.49776785714285715 0.22321428571428573 0.07589285714285714 0.08928571428571429 
0 0.43526785714285715 0.28125 0.08482142857142858 0.08928571428571429 
0 0.3861607142857143 0.21875 0.06696428571428571 0.08035714285714286 
0 0.3325892857142857 0.28125 0.06696428571428571 0.08928571428571429 
0 0.28125 0.21875 0.07142857142857142 0.08928571428571429 
0 0.22767857142857142 0.28125 0.08928571428571429 0.08928571428571429 
0 0.1875 0.22767857142857142 0.07142857142857142 0.08928571428571429 
0 0.13169642857142858 0.27901785714285715 0.07589285714285714 0.10267857142857142 
0 0.08258928571428571 0.22321428571428573 0.08482142857142858 0.08928571428571429 
0 0.033482142857142856 0.28794642857142855 0.06696428571428571 0.09375 
0 0.109375 0.5022321428571429 0.06696428571428571 0.07589285714285714 
0 0.21651785714285715 0.5022321428571429 0.06696428571428571 0.08482142857142858 
0 0.42410714285714285 0.4955357142857143 0.07142857142857142 0.08035714285714286 
0 0.7589285714285714 0.484375 0.0625 0.08482142857142858 
0 0.7700892857142857 0.7142857142857143 0.05803571428571429 0.09821428571428571 
0 0.6875 0.71875 0.044642857142857144 0.08928571428571429 
0 0.6071428571428571 0.7165178571428571 0.05357142857142857 0.10267857142857142 
0 0.5200892857142857 0.7165178571428571 0.05803571428571429 0.08482142857142858 
0 0.43080357142857145 0.71875 0.05803571428571429 0.09821428571428571 
0 0.34375 0.7232142857142857 0.05357142857142857 0.08928571428571429 
0 0.25892857142857145 0.7209821428571429 0.0625 0.09375 
0 0.17857142857142858 0.7254464285714286 0.05357142857142857 0.08482142857142858 
0 0.09151785714285714 0.7165178571428571 0.049107142857142856 0.09375 
0 0.006696428571428571 0.7232142857142857 0.05803571428571429 0.09821428571428571 
0 0.006696428571428571 0.9508928571428571 0.049107142857142856 0.0625 
0 0.07589285714285714 0.9508928571428571 0.05357142857142857 0.0625 
0 0.14285714285714285 0.9553571428571429 0.044642857142857144 0.0625 
0 0.20982142857142858 0.9553571428571429 0.044642857142857144 0.0625 
0 0.27455357142857145 0.953125 0.049107142857142856 0.05803571428571429 
0 0.3392857142857143 0.9486607142857143 0.044642857142857144 0.05803571428571429 
0 0.41517857142857145 0.9464285714285714 0.044642857142857144 0.05357142857142857 
0 0.48214285714285715 0.9486607142857143 0.03571428571428571 0.05803571428571429 
0 0.5558035714285714 0.9464285714285714 0.05803571428571429 0.0625 
0 0.6205357142857143 0.9441964285714286 0.044642857142857144 0.049107142857142856 
0 0.6897321428571429 0.9419642857142857 0.049107142857142856 0.0625 
0 0.7544642857142857 0.9419642857142857 0.044642857142857144 0.0625 
