0 0.5290178571428571 0.30357142857142855 0.11160714285714286 0.20535714285714285 
0 0.703125 0.30580357142857145 0.10267857142857142 0.20982142857142858 
0 0.8883928571428571 0.3125 0.11607142857142858 0.20535714285714285 
0 0.09375 0.7366071428571429 0.11607142857142858 0.16071428571428573 
0 0.2611607142857143 0.7366071428571429 0.12053571428571429 0.16071428571428573 
0 0.4330357142857143 0.7299107142857143 0.09821428571428571 0.16517857142857142 
0 0.6004464285714286 0.7366071428571429 0.12053571428571429 0.15178571428571427 
0 0.7745535714285714 0.7321428571428571 0.10267857142857142 0.16071428571428573 
0 0.9375 0.734375 0.13392857142857142 0.16517857142857142 
0 0.5178571428571429 0.8973214285714286 0.11607142857142858 0.1875 
0 0.6830357142857143 0.8928571428571429 0.11607142857142858 0.19642857142857142 
