0 0.9486607142857143 0.16964285714285715 0.049107142857142856 0.0625 
0 0.84375 0.16294642857142858 0.044642857142857144 0.05803571428571429 
0 0.7433035714285714 0.15848214285714285 0.05803571428571429 0.05803571428571429 
0 0.6383928571428571 0.16294642857142858 0.03571428571428571 0.05803571428571429 
0 0.5334821428571429 0.14732142857142858 0.06696428571428571 0.0625 
0 0.4263392857142857 0.14508928571428573 0.05803571428571429 0.05803571428571429 
0 0.31919642857142855 0.14732142857142858 0.04017857142857143 0.05357142857142857 
0 0.6986607142857143 0.4955357142857143 0.049107142857142856 0.044642857142857144 
0 0.7477678571428571 0.5379464285714286 0.04017857142857143 0.049107142857142856 
0 0.7745535714285714 0.5 0.04017857142857143 0.044642857142857144 
0 0.8125 0.5334821428571429 0.044642857142857144 0.049107142857142856 
0 0.84375 0.49330357142857145 0.03571428571428571 0.03125 
0 0.8816964285714286 0.5290178571428571 0.04017857142857143 0.04017857142857143 
0 0.9151785714285714 0.49330357142857145 0.03571428571428571 0.04017857142857143 
0 0.9508928571428571 0.5334821428571429 0.03571428571428571 0.04017857142857143 
0 0.9821428571428571 0.49330357142857145 0.044642857142857144 0.05803571428571429 
0 0.9821428571428571 0.7120535714285714 0.03571428571428571 0.04017857142857143 
0 0.9464285714285714 0.6696428571428571 0.03571428571428571 0.044642857142857144 
0 0.9084821428571429 0.7098214285714286 0.049107142857142856 0.044642857142857144 
0 0.8794642857142857 0.6696428571428571 0.044642857142857144 0.05357142857142857 
0 0.8392857142857143 0.7075892857142857 0.044642857142857144 0.04017857142857143 
0 0.8080357142857143 0.6674107142857143 0.044642857142857144 0.049107142857142856 
0 0.7723214285714286 0.7142857142857143 0.03571428571428571 0.044642857142857144 
0 0.7410714285714286 0.671875 0.05357142857142857 0.049107142857142856 
0 0.6964285714285714 0.7098214285714286 0.044642857142857144 0.044642857142857144 
0 0.671875 0.671875 0.049107142857142856 0.049107142857142856 
0 0.6361607142857143 0.7098214285714286 0.04017857142857143 0.044642857142857144 
0 0.5982142857142857 0.6763392857142857 0.044642857142857144 0.04017857142857143 
0 0.5647321428571429 0.7142857142857143 0.04017857142857143 0.044642857142857144 
0 0.5245535714285714 0.6763392857142857 0.04017857142857143 0.04017857142857143 
0 0.4888392857142857 0.7142857142857143 0.049107142857142856 0.044642857142857144 
0 0.4575892857142857 0.6808035714285714 0.04017857142857143 0.049107142857142856 
0 0.421875 0.71875 0.04017857142857143 0.044642857142857144 
0 0.390625 0.6808035714285714 0.049107142857142856 0.049107142857142856 
0 0.35267857142857145 0.71875 0.044642857142857144 0.044642857142857144 
0 0.3169642857142857 0.6808035714285714 0.044642857142857144 0.049107142857142856 
0 0.28348214285714285 0.7232142857142857 0.04017857142857143 0.044642857142857144 
0 0.24776785714285715 0.6830357142857143 0.049107142857142856 0.044642857142857144 
0 0.20982142857142858 0.71875 0.03571428571428571 0.044642857142857144 
0 0.18080357142857142 0.6852678571428571 0.04017857142857143 0.049107142857142856 
0 0.14732142857142858 0.7209821428571429 0.044642857142857144 0.04017857142857143 
0 0.11160714285714286 0.6830357142857143 0.05357142857142857 0.044642857142857144 
0 0.07366071428571429 0.7165178571428571 0.049107142857142856 0.049107142857142856 
0 0.08482142857142858 0.90625 0.044642857142857144 0.044642857142857144 
0 0.14955357142857142 0.9040178571428571 0.04017857142857143 0.04017857142857143 
0 0.21875 0.9017857142857143 0.05357142857142857 0.044642857142857144 
0 0.29017857142857145 0.9040178571428571 0.03571428571428571 0.049107142857142856 
0 0.35714285714285715 0.9017857142857143 0.044642857142857144 0.044642857142857144 
0 0.4330357142857143 0.8995535714285714 0.03571428571428571 0.03125 
0 0.5 0.9017857142857143 0.044642857142857144 0.05357142857142857 
0 0.5647321428571429 0.8995535714285714 0.049107142857142856 0.049107142857142856 
0 0.6428571428571429 0.8995535714285714 0.05357142857142857 0.049107142857142856 
0 0.7142857142857143 0.8995535714285714 0.044642857142857144 0.049107142857142856 
0 0.7834821428571429 0.8973214285714286 0.049107142857142856 0.044642857142857144 
0 0.8482142857142857 0.8995535714285714 0.044642857142857144 0.04017857142857143 
0 0.9174107142857143 0.8928571428571429 0.049107142857142856 0.044642857142857144 
0 0.9888392857142857 0.8995535714285714 0.049107142857142856 0.049107142857142856 
