0 0.296875 0.2924107142857143 0.15625 0.19196428571428573 
0 0.40848214285714285 0.43526785714285715 0.14732142857142858 0.18303571428571427 
0 0.53125 0.28348214285714285 0.14285714285714285 0.19196428571428573 
0 0.6450892857142857 0.4263392857142857 0.14732142857142858 0.18303571428571427 
0 0.7522321428571429 0.28348214285714285 0.14732142857142858 0.19196428571428573 
0 0.8504464285714286 0.43973214285714285 0.14732142857142858 0.20089285714285715 
0 0.96875 0.28348214285714285 0.13392857142857142 0.18303571428571427 
0 0.34151785714285715 0.90625 0.15625 0.19642857142857142 
0 0.5803571428571429 0.9129464285714286 0.13392857142857142 0.20089285714285715 
0 0.7991071428571429 0.8995535714285714 0.13392857142857142 0.18303571428571427 
