0 0.044642857142857144 0.203125 0.125 0.19196428571428573 
0 0.16071428571428573 0.046875 0.125 0.19196428571428573 
0 0.2700892857142857 0.20535714285714285 0.12946428571428573 0.19642857142857142 
0 0.38392857142857145 0.04241071428571429 0.13392857142857142 0.18303571428571427 
0 0.4799107142857143 0.20982142857142858 0.15625 0.20535714285714285 
0 0.5982142857142857 0.044642857142857144 0.14285714285714285 0.1875 
0 0.6986607142857143 0.203125 0.10267857142857142 0.18303571428571427 
0 0.8080357142857143 0.033482142857142856 0.16071428571428573 0.19196428571428573 
0 0.9308035714285714 0.20982142857142858 0.13839285714285715 0.22321428571428573 
0 0.08482142857142858 0.8191964285714286 0.13392857142857142 0.20089285714285715 
0 0.19642857142857142 0.6674107142857143 0.14285714285714285 0.20089285714285715 
0 0.3013392857142857 0.8303571428571429 0.11160714285714286 0.19642857142857142 
0 0.421875 0.6651785714285714 0.12946428571428573 0.20535714285714285 
0 0.5200892857142857 0.8370535714285714 0.14732142857142858 0.18303571428571427 
0 0.6473214285714286 0.6674107142857143 0.15178571428571427 0.19196428571428573 
0 0.7366071428571429 0.8303571428571429 0.16071428571428573 0.1875 
0 0.8683035714285714 0.6763392857142857 0.15625 0.20982142857142858 
0 0.9665178571428571 0.8392857142857143 0.13839285714285715 0.19642857142857142 
