0 0.4330357142857143 0.18973214285714285 0.05357142857142857 0.07589285714285714 
0 0.3080357142857143 0.19642857142857142 0.07142857142857142 0.08035714285714286 
0 0.18080357142857142 0.19866071428571427 0.06696428571428571 0.07589285714285714 
0 0.05133928571428571 0.19419642857142858 0.05803571428571429 0.07589285714285714 
0 0.4955357142857143 0.43080357142857145 0.09821428571428571 0.08482142857142858 
0 0.4263392857142857 0.49776785714285715 0.07589285714285714 0.07589285714285714 
0 0.37276785714285715 0.43526785714285715 0.08482142857142858 0.07589285714285714 
0 0.30580357142857145 0.49776785714285715 0.07589285714285714 0.07589285714285714 
0 0.24330357142857142 0.43526785714285715 0.07589285714285714 0.06696428571428571 
0 0.17633928571428573 0.5 0.07589285714285714 0.08035714285714286 
0 0.10714285714285714 0.4419642857142857 0.0625 0.07142857142857142 
0 0.049107142857142856 0.5022321428571429 0.07142857142857142 0.07589285714285714 
0 0.48660714285714285 0.7410714285714286 0.09821428571428571 0.08035714285714286 
0 0.36160714285714285 0.7433035714285714 0.07142857142857142 0.08482142857142858 
0 0.23214285714285715 0.7410714285714286 0.07142857142857142 0.07142857142857142 
0 0.10044642857142858 0.7455357142857143 0.07589285714285714 0.08035714285714286 
