0 0.35267857142857145 0.5066964285714286 0.03571428571428571 0.07589285714285714 
0 0.48660714285714285 0.5022321428571429 0.044642857142857144 0.06696428571428571 
0 0.6138392857142857 0.5066964285714286 0.04017857142857143 0.06696428571428571 
0 0.3705357142857143 0.7879464285714286 0.03571428571428571 0.05803571428571429 
0 0.4419642857142857 0.7924107142857143 0.044642857142857144 0.05803571428571429 
0 0.5111607142857143 0.7924107142857143 0.03125 0.06696428571428571 
0 0.5825892857142857 0.796875 0.03125 0.05803571428571429 
0 0.65625 0.796875 0.03571428571428571 0.06696428571428571 
0 0.07366071428571429 0.9821428571428571 0.03125 0.0625 
0 0.14285714285714285 0.9754464285714286 0.026785714285714284 0.049107142857142856 
0 0.21428571428571427 0.9799107142857143 0.03571428571428571 0.05803571428571429 
0 0.2767857142857143 0.9709821428571429 0.03571428571428571 0.05803571428571429 
0 0.3392857142857143 0.9732142857142857 0.044642857142857144 0.0625 
0 0.40848214285714285 0.9709821428571429 0.04017857142857143 0.05803571428571429 
0 0.4799107142857143 0.9754464285714286 0.049107142857142856 0.05803571428571429 
0 0.5446428571428571 0.984375 0.05357142857142857 0.06696428571428571 
0 0.609375 0.9776785714285714 0.03125 0.0625 
