0 0.08035714285714286 0.4330357142857143 0.14285714285714285 0.1875 
0 0.20089285714285715 0.29910714285714285 0.15178571428571427 0.19642857142857142 
0 0.30580357142857145 0.42857142857142855 0.12946428571428573 0.17857142857142858 
0 0.41964285714285715 0.28348214285714285 0.14285714285714285 0.19196428571428573 
0 0.515625 0.4263392857142857 0.12053571428571429 0.16517857142857142 
0 0.6294642857142857 0.28348214285714285 0.14285714285714285 0.20089285714285715 
0 0.7321428571428571 0.4375 0.125 0.1875 
0 0.859375 0.28125 0.12946428571428573 0.17857142857142858 
0 0.9419642857142857 0.4330357142857143 0.14285714285714285 0.19642857142857142 
0 0.017857142857142856 0.9084821428571429 0.14285714285714285 0.18303571428571427 
0 0.23660714285714285 0.8995535714285714 0.13392857142857142 0.19196428571428573 
0 0.45982142857142855 0.8928571428571429 0.125 0.19642857142857142 
0 0.6696428571428571 0.8950892857142857 0.14285714285714285 0.20089285714285715 
0 0.8995535714285714 0.8973214285714286 0.13839285714285715 0.19642857142857142 
