0 0.20982142857142858 0.9129464285714286 0.125 0.14732142857142858 
0 0.4419642857142857 0.9308035714285714 0.13392857142857142 0.14732142857142858 
0 0.6517857142857143 0.9285714285714286 0.14285714285714285 0.13392857142857142 
0 0.8883928571428571 0.9263392857142857 0.13392857142857142 0.13839285714285715 
0 0.10267857142857142 0.38392857142857145 0.11607142857142858 0.15178571428571427 
0 0.20089285714285715 0.26785714285714285 0.125 0.14285714285714285 
0 0.3125 0.39955357142857145 0.10714285714285714 0.13839285714285715 
0 0.4263392857142857 0.26785714285714285 0.12946428571428573 0.16071428571428573 
0 0.5334821428571429 0.40401785714285715 0.14732142857142858 0.14732142857142858 
0 0.640625 0.265625 0.13839285714285715 0.15625 
0 0.875 0.2767857142857143 0.13392857142857142 0.16964285714285715 
0 0.9888392857142857 0.4107142857142857 0.11160714285714286 0.15178571428571427 
