0 0.10714285714285714 0.05133928571428571 0.125 0.13839285714285715 
0 0.328125 0.04241071428571429 0.11160714285714286 0.15625 
0 0.5535714285714286 0.05357142857142857 0.16071428571428573 0.13392857142857142 
0 0.9866071428571429 0.060267857142857144 0.14285714285714285 0.14732142857142858 
0 0.11607142857142858 0.5915178571428571 0.16071428571428573 0.13839285714285715 
0 0.21875 0.4575892857142857 0.15178571428571427 0.14732142857142858 
0 0.33705357142857145 0.5848214285714286 0.13839285714285715 0.14285714285714285 
0 0.43526785714285715 0.44642857142857145 0.15625 0.15178571428571427 
0 0.5446428571428571 0.5825892857142857 0.125 0.14732142857142858 
0 0.6651785714285714 0.45089285714285715 0.15178571428571427 0.16071428571428573 
0 0.8772321428571429 0.44642857142857145 0.12946428571428573 0.14285714285714285 
0 0.984375 0.5892857142857143 0.12053571428571429 0.14285714285714285 
0 0.21428571428571427 0.9977678571428571 0.125 0.15625 
0 0.4375 0.9776785714285714 0.125 0.15178571428571427 
0 0.65625 0.9776785714285714 0.13392857142857142 0.14285714285714285 
0 0.8883928571428571 0.9821428571428571 0.14285714285714285 0.15178571428571427 
