0 0.11607142857142858 0.12946428571428573 0.11607142857142858 0.15178571428571427 
0 0.3169642857142857 0.11607142857142858 0.13392857142857142 0.14285714285714285 
0 0.5424107142857143 0.11830357142857142 0.14732142857142858 0.16517857142857142 
0 0.7723214285714286 0.109375 0.125 0.13839285714285715 
0 0.9977678571428571 0.10714285714285714 0.12946428571428573 0.14285714285714285 
0 0.11607142857142858 0.640625 0.14285714285714285 0.14732142857142858 
0 0.22544642857142858 0.5178571428571429 0.12946428571428573 0.13392857142857142 
0 0.33705357142857145 0.6495535714285714 0.12946428571428573 0.12946428571428573 
0 0.45535714285714285 0.53125 0.15178571428571427 0.15178571428571427 
0 0.5535714285714286 0.65625 0.125 0.15178571428571427 
0 0.671875 0.5290178571428571 0.12053571428571429 0.15625 
0 0.7767857142857143 0.6584821428571429 0.125 0.13839285714285715 
0 0.8839285714285714 0.53125 0.125 0.16071428571428573 
0 0.9933035714285714 0.6629464285714286 0.13839285714285715 0.14732142857142858 
