0 0.008928571428571428 0.7142857142857143 0.044642857142857144 0.0625 
0 0.044642857142857144 0.7633928571428571 0.05357142857142857 0.07142857142857142 
0 0.08482142857142858 0.7098214285714286 0.0625 0.0625 
0 0.125 0.7633928571428571 0.0625 0.0625 
0 0.17633928571428573 0.7209821428571429 0.05803571428571429 0.05803571428571429 
0 0.22544642857142858 0.7633928571428571 0.05803571428571429 0.0625 
0 0.25669642857142855 0.7120535714285714 0.049107142857142856 0.05803571428571429 
0 0.3013392857142857 0.7611607142857143 0.05803571428571429 0.05803571428571429 
0 0.34375 0.7075892857142857 0.05357142857142857 0.06696428571428571 
0 0.38839285714285715 0.7633928571428571 0.05357142857142857 0.0625 
0 0.43080357142857145 0.7075892857142857 0.05803571428571429 0.06696428571428571 
0 0.4732142857142857 0.7633928571428571 0.05357142857142857 0.0625 
