0 0.30357142857142855 0.9732142857142857 0.09821428571428571 0.125 
0 0.46875 0.9665178571428571 0.08928571428571429 0.12946428571428573 
0 0.3861607142857143 0.8459821428571429 0.08482142857142858 0.12946428571428573 
0 0.7165178571428571 0.765625 0.05803571428571429 0.05803571428571429 
0 0.7544642857142857 0.7232142857142857 0.044642857142857144 0.0625 
0 0.796875 0.7611607142857143 0.05803571428571429 0.06696428571428571 
0 0.8415178571428571 0.7165178571428571 0.05803571428571429 0.05803571428571429 
0 0.8816964285714286 0.7723214285714286 0.05803571428571429 0.0625 
0 0.9241071428571429 0.71875 0.05357142857142857 0.07142857142857142 
0 0.96875 0.7633928571428571 0.0625 0.0625 
