0 0.16517857142857142 0.10044642857142858 0.11607142857142858 0.14732142857142858 
0 0.3325892857142857 0.09375 0.12053571428571429 0.15178571428571427 
0 0.5089285714285714 0.10044642857142858 0.125 0.14732142857142858 
0 0.671875 0.09821428571428571 0.12946428571428573 0.15178571428571427 
0 0.07142857142857142 0.4799107142857143 0.13392857142857142 0.14732142857142858 
0 0.23883928571428573 0.484375 0.12946428571428573 0.14732142857142858 
0 0.14955357142857142 0.6294642857142857 0.12053571428571429 0.16071428571428573 
0 0.4955357142857143 0.6294642857142857 0.14285714285714285 0.16071428571428573 
0 0.5870535714285714 0.48660714285714285 0.12053571428571429 0.14285714285714285 
0 0.671875 0.6205357142857143 0.12053571428571429 0.16071428571428573 
0 0.7566964285714286 0.4732142857142857 0.11160714285714286 0.15178571428571427 
0 0.8415178571428571 0.6205357142857143 0.11160714285714286 0.16964285714285715 
0 0.9352678571428571 0.47544642857142855 0.12053571428571429 0.14732142857142858 
