0 0.21205357142857142 0.013392857142857142 0.10267857142857142 0.16071428571428573 
0 0.43973214285714285 0.011160714285714286 0.12946428571428573 0.15625 
0 0.6674107142857143 0.013392857142857142 0.12053571428571429 0.14285714285714285 
0 0.20089285714285715 0.43080357142857145 0.125 0.13839285714285715 
0 0.4263392857142857 0.42857142857142855 0.12946428571428573 0.125 
0 0.6428571428571429 0.4263392857142857 0.11607142857142858 0.13839285714285715 
0 0.05803571428571429 0.9241071428571429 0.10714285714285714 0.16964285714285715 
0 0.22544642857142858 0.9196428571428571 0.09375 0.16964285714285715 
0 0.390625 0.9263392857142857 0.07589285714285714 0.17410714285714285 
0 0.5580357142857143 0.9330357142857143 0.10714285714285714 0.1875 
