0 0.203125 0.4263392857142857 0.14732142857142858 0.13839285714285715 
0 0.31919642857142855 0.30580357142857145 0.12053571428571429 0.12946428571428573 
0 0.42857142857142855 0.421875 0.125 0.14732142857142858 
0 0.5401785714285714 0.296875 0.125 0.12946428571428573 
0 0.6540178571428571 0.43080357142857145 0.11160714285714286 0.13839285714285715 
0 0.7633928571428571 0.3013392857142857 0.125 0.13839285714285715 
0 0.8794642857142857 0.43973214285714285 0.11607142857142858 0.14732142857142858 
0 0.9776785714285714 0.30580357142857145 0.125 0.12946428571428573 
0 0.21205357142857142 0.9598214285714286 0.12946428571428573 0.13392857142857142 
0 0.3236607142857143 0.8325892857142857 0.12053571428571429 0.12946428571428573 
0 0.44419642857142855 0.9486607142857143 0.12946428571428573 0.14732142857142858 
0 0.5491071428571429 0.8325892857142857 0.11607142857142858 0.13839285714285715 
0 0.6629464285714286 0.9642857142857143 0.12053571428571429 0.15178571428571427 
0 0.7700892857142857 0.8370535714285714 0.13839285714285715 0.12946428571428573 
0 0.875 0.9553571428571429 0.125 0.14285714285714285 
0 0.9888392857142857 0.84375 0.11160714285714286 0.125 
