0 0.09821428571428571 0.49776785714285715 0.14285714285714285 0.20982142857142858 
0 0.21205357142857142 0.6674107142857143 0.14732142857142858 0.19196428571428573 
0 0.31026785714285715 0.484375 0.13839285714285715 0.20089285714285715 
0 0.421875 0.6763392857142857 0.14732142857142858 0.19196428571428573 
0 0.53125 0.5 0.15178571428571427 0.1875 
0 0.6361607142857143 0.6696428571428571 0.17410714285714285 0.1875 
0 0.14285714285714285 0.04017857142857143 0.09821428571428571 0.19642857142857142 
0 0.296875 0.05580357142857143 0.08482142857142858 0.17410714285714285 
0 0.47098214285714285 0.05580357142857143 0.10267857142857142 0.16517857142857142 
0 0.6651785714285714 0.07366071428571429 0.09821428571428571 0.18303571428571427 
