0 0.484375 0.004464285714285714 0.10267857142857142 0.15178571428571427 
0 0.6540178571428571 0.008928571428571428 0.12946428571428573 0.15178571428571427 
0 0.8169642857142857 0.011160714285714286 0.13392857142857142 0.15625 
0 0.3950892857142857 0.140625 0.12946428571428573 0.15625 
0 0.37723214285714285 0.6875 0.13839285714285715 0.15178571428571427 
0 0.47098214285714285 0.5535714285714286 0.13839285714285715 0.13392857142857142 
0 0.6339285714285714 0.5401785714285714 0.10714285714285714 0.14285714285714285 
0 0.7209821428571429 0.6808035714285714 0.12053571428571429 0.17410714285714285 
0 0.7991071428571429 0.5424107142857143 0.11607142857142858 0.14732142857142858 
0 0.890625 0.6741071428571429 0.11160714285714286 0.17857142857142858 
0 0.984375 0.5379464285714286 0.10267857142857142 0.15625 
