0 0.16517857142857142 0.015625 0.13392857142857142 0.15625 
0 0.32142857142857145 0.013392857142857142 0.13392857142857142 0.16071428571428573 
0 0.5 0.008928571428571428 0.125 0.15178571428571427 
0 0.6629464285714286 0.008928571428571428 0.13839285714285715 0.16071428571428573 
0 0.8348214285714286 0.011160714285714286 0.13392857142857142 0.15625 
0 0.9308035714285714 0.140625 0.12053571428571429 0.15625 
0 0.0625 0.6852678571428571 0.125 0.16517857142857142 
0 0.13839285714285715 0.5401785714285714 0.10714285714285714 0.16071428571428573 
0 0.22991071428571427 0.6852678571428571 0.12946428571428573 0.16517857142857142 
0 0.31473214285714285 0.5424107142857143 0.12946428571428573 0.15625 
0 0.39955357142857145 0.6875 0.11160714285714286 0.15178571428571427 
0 0.5669642857142857 0.6852678571428571 0.14285714285714285 0.14732142857142858 
0 0.6607142857142857 0.5446428571428571 0.10714285714285714 0.125 
0 0.7455357142857143 0.6763392857142857 0.11607142857142858 0.15625 
0 0.8325892857142857 0.5424107142857143 0.12946428571428573 0.14732142857142858 
