0 0.13616071428571427 0.25669642857142855 0.08482142857142858 0.06696428571428571 
0 0.07589285714285714 0.31026785714285715 0.07142857142857142 0.06696428571428571 
0 0.15848214285714285 0.3125 0.07589285714285714 0.05357142857142857 
0 0.21205357142857142 0.2544642857142857 0.05803571428571429 0.05357142857142857 
0 0.24107142857142858 0.30580357142857145 0.07142857142857142 0.06696428571428571 
0 0.28125 0.25892857142857145 0.05357142857142857 0.0625 
0 0.31919642857142855 0.3080357142857143 0.06696428571428571 0.0625 
0 0.3638392857142857 0.26339285714285715 0.05803571428571429 0.0625 
0 0.39955357142857145 0.3080357142857143 0.05803571428571429 0.0625 
0 0.011160714285714286 0.5111607142857143 0.05803571428571429 0.05803571428571429 
0 0.04017857142857143 0.4486607142857143 0.07142857142857142 0.05803571428571429 
0 0.07589285714285714 0.5111607142857143 0.0625 0.05803571428571429 
0 0.11383928571428571 0.45535714285714285 0.05803571428571429 0.0625 
0 0.15625 0.5111607142857143 0.0625 0.05803571428571429 
0 0.20089285714285715 0.4575892857142857 0.0625 0.049107142857142856 
0 0.234375 0.5066964285714286 0.06696428571428571 0.05803571428571429 
0 0.2767857142857143 0.4486607142857143 0.0625 0.049107142857142856 
0 0.32142857142857145 0.5 0.044642857142857144 0.05357142857142857 
0 0.35714285714285715 0.45535714285714285 0.0625 0.044642857142857144 
0 0.3794642857142857 0.5 0.0625 0.0625 
0 0.41964285714285715 0.45982142857142855 0.05357142857142857 0.05357142857142857 
0 0.4575892857142857 0.49776785714285715 0.05803571428571429 0.05803571428571429 
0 0.5044642857142857 0.453125 0.0625 0.05803571428571429 
0 0.5625 0.4575892857142857 0.05357142857142857 0.04017857142857143 
0 0.5401785714285714 0.5066964285714286 0.05357142857142857 0.049107142857142856 
0 0.013392857142857142 0.6607142857142857 0.0625 0.05357142857142857 
0 0.044642857142857144 0.7120535714285714 0.0625 0.05803571428571429 
0 0.08258928571428571 0.6629464285714286 0.05803571428571429 0.06696428571428571 
0 0.12276785714285714 0.7165178571428571 0.05803571428571429 0.05803571428571429 
0 0.15625 0.6607142857142857 0.05357142857142857 0.0625 
0 0.19866071428571427 0.7098214285714286 0.05803571428571429 0.0625 
0 0.24107142857142858 0.6651785714285714 0.05357142857142857 0.0625 
0 0.27455357142857145 0.7075892857142857 0.05803571428571429 0.06696428571428571 
0 0.31919642857142855 0.6629464285714286 0.05803571428571429 0.06696428571428571 
0 0.35044642857142855 0.7120535714285714 0.049107142857142856 0.05803571428571429 
0 0.39285714285714285 0.6629464285714286 0.05357142857142857 0.05803571428571429 
0 0.42410714285714285 0.7053571428571429 0.0625 0.07142857142857142 
0 0.47544642857142855 0.6629464285714286 0.05803571428571429 0.06696428571428571 
0 0.5044642857142857 0.7098214285714286 0.0625 0.05357142857142857 
0 0.5513392857142857 0.6651785714285714 0.05803571428571429 0.05357142857142857 
0 0.5825892857142857 0.7075892857142857 0.06696428571428571 0.06696428571428571 
0 0.6227678571428571 0.6651785714285714 0.05803571428571429 0.0625 
0 0.6607142857142857 0.7120535714285714 0.0625 0.05803571428571429 
0 0.7120535714285714 0.6629464285714286 0.05803571428571429 0.05803571428571429 
0 0.7433035714285714 0.7142857142857143 0.06696428571428571 0.0625 
0 0.07589285714285714 0.9732142857142857 0.0625 0.08035714285714286 
0 0.171875 0.96875 0.06696428571428571 0.08035714285714286 
0 0.27232142857142855 0.9620535714285714 0.044642857142857144 0.07589285714285714 
0 0.375 0.96875 0.0625 0.08035714285714286 
0 0.4799107142857143 0.9642857142857143 0.05803571428571429 0.08928571428571429 
0 0.5736607142857143 0.9620535714285714 0.05803571428571429 0.09375 
0 0.6785714285714286 0.9598214285714286 0.0625 0.08035714285714286 
0 0.7723214285714286 0.9598214285714286 0.07142857142857142 0.08035714285714286 
0 0.8794642857142857 0.953125 0.0625 0.08482142857142858 
0 0.9799107142857143 0.9508928571428571 0.05803571428571429 0.08928571428571429 
