0 0.011160714285714286 0.49330357142857145 0.06696428571428571 0.07589285714285714 
0 0.07366071428571429 0.5669642857142857 0.05803571428571429 0.07142857142857142 
0 0.140625 0.4888392857142857 0.05803571428571429 0.08482142857142858 
0 0.19866071428571427 0.5625 0.06696428571428571 0.07142857142857142 
0 0.2544642857142857 0.49107142857142855 0.07142857142857142 0.08928571428571429 
0 0.3236607142857143 0.5647321428571429 0.06696428571428571 0.07589285714285714 
0 0.39285714285714285 0.48660714285714285 0.05357142857142857 0.08035714285714286 
0 0.4575892857142857 0.5691964285714286 0.06696428571428571 0.08482142857142858 
0 0.515625 0.48660714285714285 0.06696428571428571 0.08928571428571429 
0 0.5669642857142857 0.5691964285714286 0.05357142857142857 0.07589285714285714 
0 0.022321428571428572 0.7991071428571429 0.0625 0.07142857142857142 
0 0.07366071428571429 0.875 0.05803571428571429 0.07142857142857142 
0 0.12946428571428573 0.8102678571428571 0.0625 0.06696428571428571 
0 0.20089285714285715 0.8816964285714286 0.07142857142857142 0.07589285714285714 
0 0.26785714285714285 0.8013392857142857 0.07142857142857142 0.07589285714285714 
0 0.33482142857142855 0.8794642857142857 0.0625 0.08035714285714286 
0 0.39285714285714285 0.8080357142857143 0.0625 0.0625 
0 0.453125 0.875 0.05803571428571429 0.07142857142857142 
0 0.5178571428571429 0.8013392857142857 0.0625 0.06696428571428571 
0 0.5669642857142857 0.8616071428571429 0.0625 0.08035714285714286 
0 0.6495535714285714 0.8035714285714286 0.07589285714285714 0.07142857142857142 
0 0.703125 0.8772321428571429 0.06696428571428571 0.07589285714285714 
0 0.7589285714285714 0.8058035714285714 0.07142857142857142 0.07589285714285714 
0 0.8303571428571429 0.875 0.07142857142857142 0.08035714285714286 
0 0.8816964285714286 0.8169642857142857 0.05803571428571429 0.07142857142857142 
0 0.9553571428571429 0.875 0.0625 0.07142857142857142 
