0 0.026785714285714284 0.049107142857142856 0.07142857142857142 0.07142857142857142 
0 0.11607142857142858 0.03125 0.08928571428571429 0.08035714285714286 
0 0.22321428571428573 0.03125 0.0625 0.07142857142857142 
0 0.3236607142857143 0.03794642857142857 0.06696428571428571 0.07589285714285714 
0 0.4174107142857143 0.03125 0.07589285714285714 0.08928571428571429 
0 0.5245535714285714 0.03125 0.06696428571428571 0.08035714285714286 
0 0.6339285714285714 0.033482142857142856 0.07142857142857142 0.07589285714285714 
0 0.7165178571428571 0.026785714285714284 0.06696428571428571 0.07142857142857142 
0 0.8191964285714286 0.022321428571428572 0.06696428571428571 0.08928571428571429 
0 0.9263392857142857 0.022321428571428572 0.07589285714285714 0.08928571428571429 
0 0.026785714285714284 0.29464285714285715 0.07142857142857142 0.08035714285714286 
0 0.07366071428571429 0.22321428571428573 0.06696428571428571 0.08928571428571429 
0 0.125 0.29464285714285715 0.07142857142857142 0.08035714285714286 
0 0.17633928571428573 0.22321428571428573 0.06696428571428571 0.08035714285714286 
0 0.22098214285714285 0.28794642857142855 0.07589285714285714 0.08482142857142858 
0 0.27455357142857145 0.21875 0.05803571428571429 0.08035714285714286 
0 0.3325892857142857 0.29464285714285715 0.07589285714285714 0.08035714285714286 
0 0.38169642857142855 0.21428571428571427 0.06696428571428571 0.08928571428571429 
0 0.4330357142857143 0.2857142857142857 0.0625 0.08035714285714286 
0 0.48660714285714285 0.21651785714285715 0.05357142857142857 0.09375 
0 0.5290178571428571 0.29017857142857145 0.06696428571428571 0.07142857142857142 
0 0.5825892857142857 0.21205357142857142 0.049107142857142856 0.08482142857142858 
0 0.6294642857142857 0.28348214285714285 0.0625 0.08482142857142858 
0 0.6808035714285714 0.20982142857142858 0.049107142857142856 0.08035714285714286 
0 0.7321428571428571 0.28348214285714285 0.07142857142857142 0.08482142857142858 
0 0.78125 0.21651785714285715 0.05357142857142857 0.09375 
0 0.8236607142857143 0.28125 0.07589285714285714 0.08035714285714286 
0 0.8839285714285714 0.20982142857142858 0.0625 0.08035714285714286 
0 0.9308035714285714 0.27455357142857145 0.06696428571428571 0.08482142857142858 
0 0.9776785714285714 0.20758928571428573 0.05357142857142857 0.07589285714285714 
0 0.022321428571428572 0.484375 0.0625 0.08482142857142858 
0 0.08035714285714286 0.5513392857142857 0.0625 0.07589285714285714 
0 0.12723214285714285 0.484375 0.06696428571428571 0.07589285714285714 
0 0.17410714285714285 0.5535714285714286 0.07142857142857142 0.07142857142857142 
0 0.22991071428571427 0.4799107142857143 0.05803571428571429 0.08482142857142858 
0 0.2767857142857143 0.5513392857142857 0.07142857142857142 0.07589285714285714 
0 0.33035714285714285 0.484375 0.0625 0.08482142857142858 
0 0.375 0.5491071428571429 0.0625 0.07142857142857142 
0 0.4174107142857143 0.47767857142857145 0.049107142857142856 0.08035714285714286 
0 0.49107142857142855 0.546875 0.08035714285714286 0.08482142857142858 
0 0.5357142857142857 0.47767857142857145 0.05357142857142857 0.07142857142857142 
0 0.5825892857142857 0.5424107142857143 0.06696428571428571 0.07589285714285714 
0 0.6339285714285714 0.48214285714285715 0.0625 0.08928571428571429 
0 0.6875 0.5446428571428571 0.07142857142857142 0.08035714285714286 
0 0.7254464285714286 0.47098214285714285 0.05803571428571429 0.07589285714285714 
0 0.7767857142857143 0.5334821428571429 0.0625 0.08482142857142858 
0 0.8258928571428571 0.47098214285714285 0.05357142857142857 0.07589285714285714 
0 0.875 0.5379464285714286 0.0625 0.08482142857142858 
0 0.9285714285714286 0.46651785714285715 0.07142857142857142 0.08482142857142858 
0 0.984375 0.5401785714285714 0.06696428571428571 0.08928571428571429 
0 0.9754464285714286 0.7366071428571429 0.08482142857142858 0.08928571428571429 
0 0.8883928571428571 0.734375 0.07142857142857142 0.08482142857142858 
0 0.7924107142857143 0.7366071428571429 0.07589285714285714 0.08035714285714286 
0 0.6785714285714286 0.7299107142857143 0.0625 0.07589285714285714 
0 0.5223214285714286 0.8035714285714286 0.07142857142857142 0.07142857142857142 
0 0.47767857142857145 0.7366071428571429 0.0625 0.08035714285714286 
0 0.4330357142857143 0.8035714285714286 0.07142857142857142 0.07142857142857142 
0 0.3325892857142857 0.8102678571428571 0.06696428571428571 0.06696428571428571 
0 0.27901785714285715 0.7477678571428571 0.06696428571428571 0.08482142857142858 
0 0.22544642857142858 0.8058035714285714 0.07589285714285714 0.07589285714285714 
0 0.17857142857142858 0.7410714285714286 0.0625 0.08035714285714286 
0 0.12946428571428573 0.8080357142857143 0.0625 0.08035714285714286 
0 0.07589285714285714 0.7433035714285714 0.07142857142857142 0.08482142857142858 
0 0.03794642857142857 0.8169642857142857 0.07589285714285714 0.08035714285714286 
