0 0.6473214285714286 0.11160714285714286 0.08035714285714286 0.08035714285714286 
0 0.5245535714285714 0.11607142857142858 0.06696428571428571 0.08035714285714286 
0 0.3950892857142857 0.11160714285714286 0.07589285714285714 0.08035714285714286 
0 0.26339285714285715 0.11607142857142858 0.08035714285714286 0.08035714285714286 
0 0.140625 0.11830357142857142 0.07589285714285714 0.07589285714285714 
0 0.011160714285714286 0.11383928571428571 0.08482142857142858 0.08482142857142858 
0 0.04017857142857143 0.4642857142857143 0.05357142857142857 0.0625 
0 0.08705357142857142 0.39285714285714285 0.049107142857142856 0.0625 
0 0.13839285714285715 0.453125 0.044642857142857144 0.05803571428571429 
0 0.19196428571428573 0.39732142857142855 0.05357142857142857 0.0625 
0 0.24553571428571427 0.4575892857142857 0.05357142857142857 0.05803571428571429 
0 0.30357142857142855 0.3950892857142857 0.05357142857142857 0.05803571428571429 
0 0.3549107142857143 0.453125 0.049107142857142856 0.05803571428571429 
0 0.40401785714285715 0.3950892857142857 0.05803571428571429 0.06696428571428571 
0 0.45982142857142855 0.4575892857142857 0.044642857142857144 0.05803571428571429 
0 0.515625 0.3950892857142857 0.05803571428571429 0.06696428571428571 
0 0.5647321428571429 0.453125 0.05803571428571429 0.05803571428571429 
0 0.6183035714285714 0.390625 0.049107142857142856 0.07589285714285714 
0 0.6629464285714286 0.4575892857142857 0.05803571428571429 0.05803571428571429 
0 0.8660714285714286 0.7053571428571429 0.044642857142857144 0.07142857142857142 
0 0.7678571428571429 0.7008928571428571 0.044642857142857144 0.07142857142857142 
0 0.6607142857142857 0.6986607142857143 0.03571428571428571 0.05803571428571429 
0 0.5602678571428571 0.6986607142857143 0.049107142857142856 0.06696428571428571 
0 0.4575892857142857 0.6919642857142857 0.049107142857142856 0.0625 
0 0.35714285714285715 0.6919642857142857 0.05357142857142857 0.0625 
0 0.25669642857142855 0.6808035714285714 0.049107142857142856 0.05803571428571429 
0 0.16071428571428573 0.6785714285714286 0.05357142857142857 0.07142857142857142 
0 0.05803571428571429 0.6741071428571429 0.044642857142857144 0.07142857142857142 
0 0.05580357142857143 0.9933035714285714 0.04017857142857143 0.04017857142857143 
0 0.12723214285714285 0.9888392857142857 0.04017857142857143 0.049107142857142856 
0 0.19196428571428573 0.9888392857142857 0.044642857142857144 0.049107142857142856 
0 0.26339285714285715 0.9866071428571429 0.044642857142857144 0.03571428571428571 
0 0.3325892857142857 0.9866071428571429 0.04017857142857143 0.044642857142857144 
0 0.4017857142857143 0.9866071428571429 0.044642857142857144 0.044642857142857144 
0 0.4732142857142857 0.984375 0.044642857142857144 0.049107142857142856 
0 0.5401785714285714 0.9821428571428571 0.044642857142857144 0.044642857142857144 
0 0.6071428571428571 0.9732142857142857 0.044642857142857144 0.044642857142857144 
