0 0.8861607142857143 0.11607142857142858 0.07589285714285714 0.08035714285714286 
0 0.7633928571428571 0.11830357142857142 0.08035714285714286 0.07589285714285714 
0 0.6383928571428571 0.11607142857142858 0.07142857142857142 0.08035714285714286 
0 0.5066964285714286 0.11830357142857142 0.07589285714285714 0.07589285714285714 
0 0.3861607142857143 0.11607142857142858 0.08482142857142858 0.07142857142857142 
0 0.25669642857142855 0.12276785714285714 0.05803571428571429 0.07589285714285714 
0 0.13839285714285715 0.12053571428571429 0.08035714285714286 0.08035714285714286 
0 0.004464285714285714 0.12053571428571429 0.08928571428571429 0.08035714285714286 
0 0.7767857142857143 0.3950892857142857 0.044642857142857144 0.05803571428571429 
0 0.8236607142857143 0.45535714285714285 0.06696428571428571 0.0625 
0 0.9308035714285714 0.45535714285714285 0.049107142857142856 0.0625 
0 0.984375 0.4017857142857143 0.049107142857142856 0.0625 
0 0.9486607142857143 0.6696428571428571 0.049107142857142856 0.0625 
0 0.84375 0.6629464285714286 0.044642857142857144 0.05803571428571429 
0 0.7433035714285714 0.6584821428571429 0.05803571428571429 0.05803571428571429 
0 0.6383928571428571 0.6629464285714286 0.03571428571428571 0.05803571428571429 
0 0.5334821428571429 0.6473214285714286 0.06696428571428571 0.0625 
0 0.4263392857142857 0.6450892857142857 0.05803571428571429 0.05803571428571429 
0 0.31919642857142855 0.6473214285714286 0.04017857142857143 0.05357142857142857 
0 0.6986607142857143 0.9955357142857143 0.049107142857142856 0.044642857142857144 
0 0.7745535714285714 1.0 0.04017857142857143 0.044642857142857144 
0 0.84375 0.9933035714285714 0.03571428571428571 0.03125 
0 0.9151785714285714 0.9933035714285714 0.03571428571428571 0.04017857142857143 
0 0.9821428571428571 0.9933035714285714 0.044642857142857144 0.05803571428571429 
