0 0.34375 0.07589285714285714 0.15178571428571427 0.1875 
0 0.5558035714285714 0.08035714285714286 0.14732142857142858 0.19642857142857142 
0 0.7633928571428571 0.08258928571428571 0.11607142857142858 0.17410714285714285 
0 0.9977678571428571 0.08705357142857142 0.15625 0.17410714285714285 
0 0.27901785714285715 0.5625 0.14732142857142858 0.19642857142857142 
0 0.39285714285714285 0.7120535714285714 0.16964285714285715 0.17410714285714285 
0 0.4955357142857143 0.5446428571428571 0.15178571428571427 0.1875 
0 0.59375 0.7142857142857143 0.14285714285714285 0.19642857142857142 
0 0.7232142857142857 0.5446428571428571 0.15178571428571427 0.1875 
0 0.8236607142857143 0.7075892857142857 0.12946428571428573 0.18303571428571427 
0 0.9486607142857143 0.5446428571428571 0.13839285714285715 0.19642857142857142 
