0 0.48214285714285715 0.046875 0.16071428571428573 0.19196428571428573 
0 0.578125 0.20758928571428573 0.15625 0.18303571428571427 
0 0.703125 0.04241071428571429 0.12946428571428573 0.18303571428571427 
0 0.8013392857142857 0.20535714285714285 0.12946428571428573 0.16964285714285715 
0 0.9308035714285714 0.044642857142857144 0.15625 0.19642857142857142 
0 0.47544642857142855 0.65625 0.14732142857142858 0.20535714285714285 
0 0.5803571428571429 0.8125 0.13392857142857142 0.1875 
0 0.6964285714285714 0.6517857142857143 0.14285714285714285 0.20535714285714285 
0 0.7879464285714286 0.7924107142857143 0.14732142857142858 0.19196428571428573 
0 0.9174107142857143 0.6696428571428571 0.12946428571428573 0.1875 
