0 0.049107142857142856 0.002232142857142857 0.07142857142857142 0.07589285714285714 
0 0.48660714285714285 0.24107142857142858 0.09821428571428571 0.08035714285714286 
0 0.36160714285714285 0.24330357142857142 0.07142857142857142 0.08482142857142858 
0 0.23214285714285715 0.24107142857142858 0.07142857142857142 0.07142857142857142 
0 0.10044642857142858 0.24553571428571427 0.07589285714285714 0.08035714285714286 
0 0.4575892857142857 0.5223214285714286 0.05803571428571429 0.0625 
0 0.5066964285714286 0.578125 0.05803571428571429 0.06696428571428571 
0 0.40401785714285715 0.5803571428571429 0.049107142857142856 0.0625 
0 0.34375 0.5223214285714286 0.0625 0.0625 
0 0.3013392857142857 0.5825892857142857 0.049107142857142856 0.05803571428571429 
0 0.24553571428571427 0.5245535714285714 0.05357142857142857 0.06696428571428571 
0 0.1875 0.5803571428571429 0.044642857142857144 0.0625 
0 0.140625 0.5267857142857143 0.049107142857142856 0.05357142857142857 
0 0.09151785714285714 0.578125 0.04017857142857143 0.05803571428571429 
0 0.03571428571428571 0.5334821428571429 0.044642857142857144 0.06696428571428571 
0 0.7053571428571429 0.8303571428571429 0.044642857142857144 0.08035714285714286 
0 0.6026785714285714 0.828125 0.044642857142857144 0.06696428571428571 
0 0.5022321428571429 0.8258928571428571 0.05803571428571429 0.0625 
0 0.4017857142857143 0.8258928571428571 0.044642857142857144 0.0625 
0 0.296875 0.8214285714285714 0.049107142857142856 0.0625 
0 0.20089285714285715 0.8169642857142857 0.044642857142857144 0.0625 
0 0.09151785714285714 0.8169642857142857 0.049107142857142856 0.0625 
