0 0.3125 0.17857142857142858 0.15178571428571427 0.1875 
0 0.43080357142857145 0.3392857142857143 0.14732142857142858 0.16964285714285715 
0 0.5379464285714286 0.16294642857142858 0.13839285714285715 0.20089285714285715 
0 0.6473214285714286 0.33035714285714285 0.125 0.17857142857142858 
0 0.7589285714285714 0.16741071428571427 0.15178571428571427 0.20089285714285715 
0 0.8638392857142857 0.3392857142857143 0.13839285714285715 0.17857142857142858 
0 0.9642857142857143 0.17633928571428573 0.15178571428571427 0.20089285714285715 
0 0.296875 0.7924107142857143 0.15625 0.19196428571428573 
0 0.40848214285714285 0.9352678571428571 0.14732142857142858 0.18303571428571427 
0 0.53125 0.7834821428571429 0.14285714285714285 0.19196428571428573 
0 0.6450892857142857 0.9263392857142857 0.14732142857142858 0.18303571428571427 
0 0.7522321428571429 0.7834821428571429 0.14732142857142858 0.19196428571428573 
0 0.8504464285714286 0.9397321428571429 0.14732142857142858 0.20089285714285715 
0 0.96875 0.7834821428571429 0.13392857142857142 0.18303571428571427 
