0 0.08482142857142858 0.31919642857142855 0.13392857142857142 0.20089285714285715 
0 0.19642857142857142 0.16741071428571427 0.14285714285714285 0.20089285714285715 
0 0.3013392857142857 0.33035714285714285 0.11160714285714286 0.19642857142857142 
0 0.421875 0.16517857142857142 0.12946428571428573 0.20535714285714285 
0 0.5200892857142857 0.33705357142857145 0.14732142857142858 0.18303571428571427 
0 0.6473214285714286 0.16741071428571427 0.15178571428571427 0.19196428571428573 
0 0.7366071428571429 0.33035714285714285 0.16071428571428573 0.1875 
0 0.8683035714285714 0.17633928571428573 0.15625 0.20982142857142858 
0 0.9665178571428571 0.3392857142857143 0.13839285714285715 0.19642857142857142 
0 0.08035714285714286 0.9330357142857143 0.14285714285714285 0.1875 
0 0.20089285714285715 0.7991071428571429 0.15178571428571427 0.19642857142857142 
0 0.30580357142857145 0.9285714285714286 0.12946428571428573 0.17857142857142858 
0 0.41964285714285715 0.7834821428571429 0.14285714285714285 0.19196428571428573 
0 0.515625 0.9263392857142857 0.12053571428571429 0.16517857142857142 
0 0.6294642857142857 0.7834821428571429 0.14285714285714285 0.20089285714285715 
0 0.7321428571428571 0.9375 0.125 0.1875 
0 0.859375 0.78125 0.12946428571428573 0.17857142857142858 
0 0.9419642857142857 0.9330357142857143 0.14285714285714285 0.19642857142857142 
