0 0.11607142857142858 0.09151785714285714 0.16071428571428573 0.13839285714285715 
0 0.33705357142857145 0.08482142857142858 0.13839285714285715 0.14285714285714285 
0 0.5446428571428571 0.08258928571428571 0.125 0.14732142857142858 
0 0.984375 0.08928571428571429 0.12053571428571429 0.14285714285714285 
0 0.11607142857142858 0.6294642857142857 0.11607142857142858 0.15178571428571427 
0 0.21428571428571427 0.49776785714285715 0.125 0.15625 
0 0.3169642857142857 0.6160714285714286 0.13392857142857142 0.14285714285714285 
0 0.4375 0.47767857142857145 0.125 0.15178571428571427 
0 0.5424107142857143 0.6183035714285714 0.14732142857142858 0.16517857142857142 
0 0.65625 0.47767857142857145 0.13392857142857142 0.14285714285714285 
0 0.7723214285714286 0.609375 0.125 0.13839285714285715 
0 0.8883928571428571 0.48214285714285715 0.14285714285714285 0.15178571428571427 
0 0.9977678571428571 0.6071428571428571 0.12946428571428573 0.14285714285714285 
