0 0.20982142857142858 0.41294642857142855 0.125 0.14732142857142858 
0 0.10714285714285714 0.5513392857142857 0.125 0.13839285714285715 
0 0.328125 0.5424107142857143 0.11160714285714286 0.15625 
0 0.4419642857142857 0.43080357142857145 0.13392857142857142 0.14732142857142858 
0 0.5535714285714286 0.5535714285714286 0.16071428571428573 0.13392857142857142 
0 0.6517857142857143 0.42857142857142855 0.14285714285714285 0.13392857142857142 
0 0.8883928571428571 0.4263392857142857 0.13392857142857142 0.13839285714285715 
0 0.9866071428571429 0.5602678571428571 0.14285714285714285 0.14732142857142858 
0 0.21875 0.9575892857142857 0.15178571428571427 0.14732142857142858 
0 0.43526785714285715 0.9464285714285714 0.15625 0.15178571428571427 
0 0.6651785714285714 0.9508928571428571 0.15178571428571427 0.16071428571428573 
0 0.8772321428571429 0.9464285714285714 0.12946428571428573 0.14285714285714285 
