0 0.515625 0.23883928571428573 0.12946428571428573 0.13839285714285715 
0 0.7075892857142857 0.23660714285714285 0.10267857142857142 0.11607142857142858 
0 0.8236607142857143 0.22767857142857142 0.09375 0.10714285714285714 
0 0.9375 0.24776785714285715 0.09821428571428571 0.12946428571428573 
0 0.296875 0.24553571428571427 0.13839285714285715 0.13392857142857142 
0 0.03571428571428571 0.25223214285714285 0.1875 0.12946428571428573 
0 0.049107142857142856 0.5803571428571429 0.08928571428571429 0.15178571428571427 
0 0.15848214285714285 0.6830357142857143 0.11160714285714286 0.13392857142857142 
0 0.38392857142857145 0.6919642857142857 0.125 0.14285714285714285 
0 0.5267857142857143 0.5625 0.14285714285714285 0.10714285714285714 
0 0.6071428571428571 0.6941964285714286 0.10714285714285714 0.13839285714285715 
0 0.7522321428571429 0.5602678571428571 0.12946428571428573 0.12946428571428573 
0 0.8080357142857143 0.6919642857142857 0.14285714285714285 0.13392857142857142 
0 0.9866071428571429 0.5535714285714286 0.09821428571428571 0.15178571428571427 
