0 0.4174107142857143 0.7924107142857143 0.06696428571428571 0.06696428571428571 
0 0.33482142857142855 0.796875 0.05357142857142857 0.06696428571428571 
0 0.25223214285714285 0.8013392857142857 0.05803571428571429 0.07589285714285714 
0 0.12946428571428573 0.7879464285714286 0.08035714285714286 0.10267857142857142 
0 0.008928571428571428 0.21428571428571427 0.044642857142857144 0.0625 
0 0.044642857142857144 0.26339285714285715 0.05357142857142857 0.07142857142857142 
0 0.08482142857142858 0.20982142857142858 0.0625 0.0625 
0 0.125 0.26339285714285715 0.0625 0.0625 
0 0.17633928571428573 0.22098214285714285 0.05803571428571429 0.05803571428571429 
0 0.22544642857142858 0.26339285714285715 0.05803571428571429 0.0625 
0 0.25669642857142855 0.21205357142857142 0.049107142857142856 0.05803571428571429 
0 0.3013392857142857 0.2611607142857143 0.05803571428571429 0.05803571428571429 
0 0.34375 0.20758928571428573 0.05357142857142857 0.06696428571428571 
0 0.38839285714285715 0.26339285714285715 0.05357142857142857 0.0625 
0 0.43080357142857145 0.20758928571428573 0.05803571428571429 0.06696428571428571 
0 0.4732142857142857 0.26339285714285715 0.05357142857142857 0.0625 
