0 0.30357142857142855 0.4732142857142857 0.09821428571428571 0.125 
0 0.46875 0.46651785714285715 0.08928571428571429 0.12946428571428573 
0 0.3861607142857143 0.34598214285714285 0.08482142857142858 0.12946428571428573 
0 0.9642857142857143 0.7901785714285714 0.08928571428571429 0.09821428571428571 
0 0.8013392857142857 0.796875 0.08482142857142858 0.10267857142857142 
0 0.7165178571428571 0.265625 0.05803571428571429 0.05803571428571429 
0 0.7544642857142857 0.22321428571428573 0.044642857142857144 0.0625 
0 0.796875 0.2611607142857143 0.05803571428571429 0.06696428571428571 
0 0.8415178571428571 0.21651785714285715 0.05803571428571429 0.05803571428571429 
0 0.8816964285714286 0.27232142857142855 0.05803571428571429 0.0625 
0 0.9241071428571429 0.21875 0.05357142857142857 0.07142857142857142 
0 0.96875 0.26339285714285715 0.0625 0.0625 
