0 0.060267857142857144 0.11830357142857142 0.22767857142857142 0.24553571428571427 
0 0.3705357142857143 0.11607142857142858 0.21428571428571427 0.24107142857142858 
0 0.6808035714285714 0.12053571428571429 0.22767857142857142 0.21428571428571427 
0 0.984375 0.11160714285714286 0.27232142857142855 0.21428571428571427 
0 0.22098214285714285 0.33705357142857145 0.22767857142857142 0.23660714285714285 
0 0.5223214285714286 0.3325892857142857 0.22321428571428573 0.24553571428571427 
0 0.8571428571428571 0.33482142857142855 0.25892857142857145 0.25 
0 0.08928571428571429 0.90625 0.23214285714285715 0.23214285714285715 
0 0.3950892857142857 0.9040178571428571 0.22767857142857142 0.23660714285714285 
0 0.6964285714285714 0.8928571428571429 0.24107142857142858 0.22321428571428573 
0 0.9910714285714286 0.8839285714285714 0.25892857142857145 0.22321428571428573 
