0 0.14955357142857142 0.09375 0.12053571428571429 0.16071428571428573 
0 0.32589285714285715 0.09375 0.13392857142857142 0.15178571428571427 
0 0.4955357142857143 0.09598214285714286 0.10714285714285714 0.14732142857142858 
0 0.6651785714285714 0.10044642857142858 0.11607142857142858 0.14732142857142858 
0 0.8325892857142857 0.09375 0.12053571428571429 0.15178571428571427 
0 0.05580357142857143 0.4732142857142857 0.12053571428571429 0.16071428571428573 
0 0.14955357142857142 0.625 0.11160714285714286 0.16071428571428573 
0 0.22991071428571427 0.4732142857142857 0.12053571428571429 0.16071428571428573 
0 0.390625 0.47544642857142855 0.12946428571428573 0.14732142857142858 
0 0.5714285714285714 0.4799107142857143 0.13392857142857142 0.14732142857142858 
0 0.7388392857142857 0.484375 0.12946428571428573 0.14732142857142858 
0 0.48214285714285715 0.6272321428571429 0.125 0.15625 
0 0.6495535714285714 0.6294642857142857 0.12053571428571429 0.16071428571428573 
0 0.9955357142857143 0.6294642857142857 0.14285714285714285 0.16071428571428573 
