0 0.28348214285714285 0.002232142857142857 0.15625 0.16517857142857142 
0 0.4955357142857143 0.017857142857142856 0.11607142857142858 0.13392857142857142 
0 0.7120535714285714 0.013392857142857142 0.10267857142857142 0.16071428571428573 
0 0.9397321428571429 0.011160714285714286 0.12946428571428573 0.15625 
0 0.022321428571428572 0.421875 0.13392857142857142 0.15625 
0 0.265625 0.421875 0.12053571428571429 0.15625 
0 0.4799107142857143 0.421875 0.14732142857142858 0.13839285714285715 
0 0.7008928571428571 0.43080357142857145 0.125 0.13839285714285715 
0 0.9263392857142857 0.42857142857142855 0.12946428571428573 0.125 
0 0.05803571428571429 0.9174107142857143 0.11607142857142858 0.20089285714285715 
0 0.24330357142857142 0.9151785714285714 0.08482142857142858 0.17857142857142858 
0 0.3950892857142857 0.9196428571428571 0.09375 0.16964285714285715 
0 0.5580357142857143 0.9241071428571429 0.10714285714285714 0.16964285714285715 
0 0.7254464285714286 0.9196428571428571 0.09375 0.16964285714285715 
0 0.890625 0.9263392857142857 0.07589285714285714 0.17410714285714285 
