0 0.15401785714285715 0.008928571428571428 0.12946428571428573 0.15178571428571427 
0 0.3169642857142857 0.011160714285714286 0.13392857142857142 0.15625 
0 0.4955357142857143 0.008928571428571428 0.14285714285714285 0.15178571428571427 
0 0.6651785714285714 0.015625 0.13392857142857142 0.15625 
0 0.8214285714285714 0.013392857142857142 0.13392857142857142 0.16071428571428573 
0 0.13392857142857142 0.5401785714285714 0.10714285714285714 0.14285714285714285 
0 0.22098214285714285 0.6808035714285714 0.12053571428571429 0.17410714285714285 
0 0.29910714285714285 0.5424107142857143 0.11607142857142858 0.14732142857142858 
0 0.390625 0.6741071428571429 0.11160714285714286 0.17857142857142858 
0 0.484375 0.5379464285714286 0.10267857142857142 0.15625 
0 0.5625 0.6852678571428571 0.125 0.16517857142857142 
0 0.6383928571428571 0.5401785714285714 0.10714285714285714 0.16071428571428573 
0 0.7299107142857143 0.6852678571428571 0.12946428571428573 0.16517857142857142 
0 0.8147321428571429 0.5424107142857143 0.12946428571428573 0.15625 
0 0.8995535714285714 0.6875 0.11160714285714286 0.15178571428571427 
