0 0.6361607142857143 0.25669642857142855 0.08482142857142858 0.06696428571428571 
0 0.5758928571428571 0.31026785714285715 0.07142857142857142 0.06696428571428571 
0 0.6584821428571429 0.3125 0.07589285714285714 0.05357142857142857 
0 0.7120535714285714 0.2544642857142857 0.05803571428571429 0.05357142857142857 
0 0.7410714285714286 0.30580357142857145 0.07142857142857142 0.06696428571428571 
0 0.78125 0.25892857142857145 0.05357142857142857 0.0625 
0 0.8191964285714286 0.3080357142857143 0.06696428571428571 0.0625 
0 0.8638392857142857 0.26339285714285715 0.05803571428571429 0.0625 
0 0.8995535714285714 0.3080357142857143 0.05803571428571429 0.0625 
0 0.29910714285714285 0.45535714285714285 0.07142857142857142 0.07142857142857142 
0 0.2611607142857143 0.5133928571428571 0.07589285714285714 0.05357142857142857 
0 0.34598214285714285 0.515625 0.07589285714285714 0.049107142857142856 
0 0.38839285714285715 0.46205357142857145 0.05357142857142857 0.05803571428571429 
0 0.4330357142857143 0.5133928571428571 0.0625 0.0625 
0 0.4732142857142857 0.453125 0.07142857142857142 0.05803571428571429 
0 0.5111607142857143 0.5111607142857143 0.05803571428571429 0.05803571428571429 
0 0.5401785714285714 0.4486607142857143 0.07142857142857142 0.05803571428571429 
0 0.5758928571428571 0.5111607142857143 0.0625 0.05803571428571429 
0 0.6138392857142857 0.45535714285714285 0.05803571428571429 0.0625 
0 0.65625 0.5111607142857143 0.0625 0.05803571428571429 
0 0.7008928571428571 0.4575892857142857 0.0625 0.049107142857142856 
0 0.734375 0.5066964285714286 0.06696428571428571 0.05803571428571429 
0 0.7767857142857143 0.4486607142857143 0.0625 0.049107142857142856 
0 0.8214285714285714 0.5 0.044642857142857144 0.05357142857142857 
0 0.8571428571428571 0.45535714285714285 0.0625 0.044642857142857144 
0 0.8794642857142857 0.5 0.0625 0.0625 
0 0.9196428571428571 0.45982142857142855 0.05357142857142857 0.05357142857142857 
0 0.9575892857142857 0.49776785714285715 0.05803571428571429 0.05803571428571429 
0 0.04241071428571429 0.6629464285714286 0.06696428571428571 0.05803571428571429 
0 0.07366071428571429 0.7142857142857143 0.05803571428571429 0.0625 
0 0.12053571428571429 0.6674107142857143 0.05357142857142857 0.05803571428571429 
0 0.15625 0.7165178571428571 0.05357142857142857 0.05803571428571429 
0 0.18973214285714285 0.6651785714285714 0.049107142857142856 0.05357142857142857 
0 0.22767857142857142 0.7120535714285714 0.05357142857142857 0.06696428571428571 
0 0.27455357142857145 0.6629464285714286 0.05803571428571429 0.05803571428571429 
0 0.3125 0.7120535714285714 0.05357142857142857 0.05803571428571429 
0 0.3549107142857143 0.6674107142857143 0.049107142857142856 0.05803571428571429 
0 0.38169642857142855 0.7142857142857143 0.049107142857142856 0.05357142857142857 
0 0.4263392857142857 0.6674107142857143 0.05803571428571429 0.05803571428571429 
0 0.45982142857142855 0.7165178571428571 0.07142857142857142 0.05803571428571429 
0 0.5133928571428571 0.6607142857142857 0.0625 0.05357142857142857 
0 0.5446428571428571 0.7120535714285714 0.0625 0.05803571428571429 
0 0.5825892857142857 0.6629464285714286 0.05803571428571429 0.06696428571428571 
0 0.6227678571428571 0.7165178571428571 0.05803571428571429 0.05803571428571429 
0 0.65625 0.6607142857142857 0.05357142857142857 0.0625 
0 0.6986607142857143 0.7098214285714286 0.05803571428571429 0.0625 
0 0.7410714285714286 0.6651785714285714 0.05357142857142857 0.0625 
0 0.7745535714285714 0.7075892857142857 0.05803571428571429 0.06696428571428571 
0 0.8191964285714286 0.6629464285714286 0.05803571428571429 0.06696428571428571 
0 0.8504464285714286 0.7120535714285714 0.049107142857142856 0.05803571428571429 
0 0.8928571428571429 0.6629464285714286 0.05357142857142857 0.05803571428571429 
0 0.9241071428571429 0.7053571428571429 0.0625 0.07142857142857142 
0 0.9754464285714286 0.6629464285714286 0.05803571428571429 0.06696428571428571 
0 0.07366071428571429 0.9799107142857143 0.05803571428571429 0.08482142857142858 
0 0.17633928571428573 0.9776785714285714 0.05803571428571429 0.08035714285714286 
0 0.27232142857142855 0.9776785714285714 0.0625 0.08928571428571429 
0 0.37723214285714285 0.9776785714285714 0.05803571428571429 0.08035714285714286 
0 0.47544642857142855 0.9776785714285714 0.06696428571428571 0.08035714285714286 
0 0.5758928571428571 0.9732142857142857 0.0625 0.08035714285714286 
0 0.671875 0.96875 0.06696428571428571 0.08035714285714286 
0 0.7723214285714286 0.9620535714285714 0.044642857142857144 0.07589285714285714 
0 0.875 0.96875 0.0625 0.08035714285714286 
0 0.9799107142857143 0.9642857142857143 0.05803571428571429 0.08928571428571429 
