0 0.9263392857142857 0.30580357142857145 0.07589285714285714 0.07589285714285714 
0 0.9776785714285714 0.23660714285714285 0.07142857142857142 0.08035714285714286 
0 0.7745535714285714 0.5669642857142857 0.07589285714285714 0.08035714285714286 
0 0.8236607142857143 0.5 0.05803571428571429 0.08035714285714286 
0 0.8727678571428571 0.5647321428571429 0.05803571428571429 0.08482142857142858 
0 0.9375 0.5044642857142857 0.0625 0.08035714285714286 
0 0.9799107142857143 0.5714285714285714 0.06696428571428571 0.08928571428571429 
0 0.9888392857142857 0.7589285714285714 0.06696428571428571 0.08035714285714286 
0 0.8794642857142857 0.7589285714285714 0.05357142857142857 0.08035714285714286 
0 0.8348214285714286 0.8325892857142857 0.0625 0.08482142857142858 
0 0.7767857142857143 0.7678571428571429 0.0625 0.08928571428571429 
