0 0.078125 0.20758928571428573 0.15625 0.18303571428571427 
0 0.203125 0.04241071428571429 0.12946428571428573 0.18303571428571427 
0 0.3013392857142857 0.20535714285714285 0.12946428571428573 0.16964285714285715 
0 0.43080357142857145 0.044642857142857144 0.15625 0.19642857142857142 
0 0.5200892857142857 0.21205357142857142 0.13839285714285715 0.17410714285714285 
0 0.6428571428571429 0.04017857142857143 0.15178571428571427 0.20535714285714285 
0 0.7455357142857143 0.19866071428571427 0.125 0.18303571428571427 
0 0.8660714285714286 0.04017857142857143 0.15178571428571427 0.19642857142857142 
0 0.9508928571428571 0.20089285714285715 0.09821428571428571 0.1875 
0 0.08035714285714286 0.8125 0.13392857142857142 0.1875 
0 0.19642857142857142 0.6517857142857143 0.14285714285714285 0.20535714285714285 
0 0.28794642857142855 0.7924107142857143 0.14732142857142858 0.19196428571428573 
0 0.4174107142857143 0.6696428571428571 0.12946428571428573 0.1875 
0 0.5290178571428571 0.8058035714285714 0.13839285714285715 0.19196428571428573 
0 0.6383928571428571 0.6629464285714286 0.13392857142857142 0.19196428571428573 
0 0.7299107142857143 0.8125 0.13839285714285715 0.16964285714285715 
0 0.8526785714285714 0.6517857142857143 0.13392857142857142 0.17857142857142858 
0 0.9464285714285714 0.8013392857142857 0.10714285714285714 0.17410714285714285 
