0 0.05580357142857143 0.08035714285714286 0.14732142857142858 0.19642857142857142 
0 0.26339285714285715 0.08258928571428571 0.11607142857142858 0.17410714285714285 
0 0.49776785714285715 0.08705357142857142 0.15625 0.17410714285714285 
0 0.7098214285714286 0.08258928571428571 0.13392857142857142 0.18303571428571427 
0 0.9330357142857143 0.08035714285714286 0.13392857142857142 0.17857142857142858 
0 0.09375 0.7142857142857143 0.14285714285714285 0.19642857142857142 
0 0.22321428571428573 0.5446428571428571 0.15178571428571427 0.1875 
0 0.3236607142857143 0.7075892857142857 0.12946428571428573 0.18303571428571427 
0 0.4486607142857143 0.5446428571428571 0.13839285714285715 0.19642857142857142 
0 0.5446428571428571 0.703125 0.125 0.19196428571428573 
0 0.6607142857142857 0.546875 0.125 0.19196428571428573 
0 0.7700892857142857 0.7053571428571429 0.12946428571428573 0.19642857142857142 
0 0.8839285714285714 0.5424107142857143 0.13392857142857142 0.18303571428571427 
0 0.9799107142857143 0.7098214285714286 0.15625 0.20535714285714285 
