0 0.14732142857142858 0.11160714285714286 0.08035714285714286 0.08035714285714286 
0 0.024553571428571428 0.11607142857142858 0.06696428571428571 0.08035714285714286 
0 0.015625 0.3950892857142857 0.05803571428571429 0.06696428571428571 
0 0.06473214285714286 0.453125 0.05803571428571429 0.05803571428571429 
0 0.11830357142857142 0.390625 0.049107142857142856 0.07589285714285714 
0 0.16294642857142858 0.4575892857142857 0.05803571428571429 0.05803571428571429 
0 0.36607142857142855 0.7053571428571429 0.044642857142857144 0.07142857142857142 
0 0.26785714285714285 0.7008928571428571 0.044642857142857144 0.07142857142857142 
0 0.16071428571428573 0.6986607142857143 0.03571428571428571 0.05803571428571429 
0 0.060267857142857144 0.6986607142857143 0.049107142857142856 0.06696428571428571 
0 0.04017857142857143 0.9821428571428571 0.044642857142857144 0.044642857142857144 
0 0.10714285714285714 0.9732142857142857 0.044642857142857144 0.044642857142857144 
0 0.9754464285714286 0.65625 0.14732142857142858 0.20535714285714285 
