0 0.03794642857142857 0.16294642857142858 0.13839285714285715 0.20089285714285715 
0 0.14732142857142858 0.33035714285714285 0.125 0.17857142857142858 
0 0.25892857142857145 0.16741071428571427 0.15178571428571427 0.20089285714285715 
0 0.3638392857142857 0.3392857142857143 0.13839285714285715 0.17857142857142858 
0 0.4642857142857143 0.17633928571428573 0.15178571428571427 0.20089285714285715 
0 0.5848214285714286 0.31919642857142855 0.13392857142857142 0.20089285714285715 
0 0.6964285714285714 0.16741071428571427 0.14285714285714285 0.20089285714285715 
0 0.8013392857142857 0.33035714285714285 0.11160714285714286 0.19642857142857142 
0 0.921875 0.16517857142857142 0.12946428571428573 0.20535714285714285 
0 0.03125 0.7834821428571429 0.14285714285714285 0.19196428571428573 
0 0.14508928571428573 0.9263392857142857 0.14732142857142858 0.18303571428571427 
0 0.25223214285714285 0.7834821428571429 0.14732142857142858 0.19196428571428573 
0 0.35044642857142855 0.9397321428571429 0.14732142857142858 0.20089285714285715 
0 0.46875 0.7834821428571429 0.13392857142857142 0.18303571428571427 
0 0.5803571428571429 0.9330357142857143 0.14285714285714285 0.1875 
0 0.7008928571428571 0.7991071428571429 0.15178571428571427 0.19642857142857142 
0 0.8058035714285714 0.9285714285714286 0.12946428571428573 0.17857142857142858 
0 0.9196428571428571 0.7834821428571429 0.14285714285714285 0.19196428571428573 
