0 0.020089285714285716 0.33705357142857145 0.14732142857142858 0.18303571428571427 
0 0.14732142857142858 0.16741071428571427 0.15178571428571427 0.19196428571428573 
0 0.23660714285714285 0.33035714285714285 0.16071428571428573 0.1875 
0 0.36830357142857145 0.17633928571428573 0.15625 0.20982142857142858 
0 0.46651785714285715 0.3392857142857143 0.13839285714285715 0.19642857142857142 
0 0.015625 0.9263392857142857 0.12053571428571429 0.16517857142857142 
0 0.12946428571428573 0.7834821428571429 0.14285714285714285 0.20089285714285715 
0 0.23214285714285715 0.9375 0.125 0.1875 
0 0.359375 0.78125 0.12946428571428573 0.17857142857142858 
0 0.4419642857142857 0.9330357142857143 0.14285714285714285 0.19642857142857142 
