0 0.05357142857142857 0.5535714285714286 0.16071428571428573 0.13392857142857142 
0 0.15178571428571427 0.42857142857142855 0.14285714285714285 0.13392857142857142 
0 0.38839285714285715 0.4263392857142857 0.13392857142857142 0.13839285714285715 
0 0.48660714285714285 0.5602678571428571 0.14285714285714285 0.14732142857142858 
0 0.6071428571428571 0.43526785714285715 0.13392857142857142 0.13839285714285715 
0 0.7165178571428571 0.5625 0.16517857142857142 0.14285714285714285 
0 0.8169642857142857 0.42857142857142855 0.14285714285714285 0.14285714285714285 
0 0.16517857142857142 0.9508928571428571 0.15178571428571427 0.16071428571428573 
0 0.37723214285714285 0.9464285714285714 0.12946428571428573 0.14285714285714285 
0 0.6071428571428571 0.9575892857142857 0.125 0.15625 
0 0.8392857142857143 0.953125 0.14285714285714285 0.14732142857142858 
