0 0.044642857142857144 0.08258928571428571 0.125 0.14732142857142858 
0 0.484375 0.08928571428571429 0.12053571428571429 0.14285714285714285 
0 0.71875 0.078125 0.13392857142857142 0.13839285714285715 
0 0.04241071428571429 0.6183035714285714 0.14732142857142858 0.16517857142857142 
0 0.15625 0.47767857142857145 0.13392857142857142 0.14285714285714285 
0 0.27232142857142855 0.609375 0.125 0.13839285714285715 
0 0.38839285714285715 0.48214285714285715 0.14285714285714285 0.15178571428571427 
0 0.49776785714285715 0.6071428571428571 0.12946428571428573 0.14285714285714285 
0 0.6004464285714286 0.47767857142857145 0.11160714285714286 0.13392857142857142 
0 0.7165178571428571 0.6071428571428571 0.13839285714285715 0.14285714285714285 
0 0.8348214285714286 0.4799107142857143 0.16964285714285715 0.14732142857142858 
