0 0.9709821428571429 0.234375 0.20089285714285715 0.13839285714285715 
0 0.015625 0.23883928571428573 0.12946428571428573 0.13839285714285715 
0 0.20758928571428573 0.23660714285714285 0.10267857142857142 0.11607142857142858 
0 0.3236607142857143 0.22767857142857142 0.09375 0.10714285714285714 
0 0.4375 0.24776785714285715 0.09821428571428571 0.12946428571428573 
0 0.026785714285714284 0.5625 0.14285714285714285 0.10714285714285714 
0 0.10714285714285714 0.6941964285714286 0.10714285714285714 0.13839285714285715 
0 0.25223214285714285 0.5602678571428571 0.12946428571428573 0.12946428571428573 
0 0.3080357142857143 0.6919642857142857 0.14285714285714285 0.13392857142857142 
0 0.48660714285714285 0.5535714285714286 0.09821428571428571 0.15178571428571427 
0 0.8950892857142857 0.5491071428571429 0.09375 0.13392857142857142 
