0 0.14955357142857142 0.59375 0.12053571428571429 0.16071428571428573 
0 0.32589285714285715 0.59375 0.13392857142857142 0.15178571428571427 
0 0.4955357142857143 0.5959821428571429 0.10714285714285714 0.14732142857142858 
0 0.6651785714285714 0.6004464285714286 0.11607142857142858 0.14732142857142858 
0 0.8325892857142857 0.59375 0.12053571428571429 0.15178571428571427 
0 0.9107142857142857 0.45535714285714285 0.13392857142857142 0.16071428571428573 
0 0.05580357142857143 0.9732142857142857 0.12053571428571429 0.16071428571428573 
0 0.22991071428571427 0.9732142857142857 0.12053571428571429 0.16071428571428573 
0 0.390625 0.9754464285714286 0.12946428571428573 0.14732142857142858 
0 0.5714285714285714 0.9799107142857143 0.13392857142857142 0.14732142857142858 
0 0.7388392857142857 0.984375 0.12946428571428573 0.14732142857142858 
