0 0.06696428571428571 0.18526785714285715 0.14285714285714285 0.14732142857142858 
0 0.16071428571428573 0.044642857142857144 0.10714285714285714 0.125 
0 0.24553571428571427 0.17633928571428573 0.11607142857142858 0.15625 
0 0.3325892857142857 0.04241071428571429 0.12946428571428573 0.14732142857142858 
0 0.5133928571428571 0.03794642857142857 0.125 0.15625 
0 0.07366071428571429 0.7165178571428571 0.10267857142857142 0.13839285714285715 
0 0.15848214285714285 0.578125 0.09375 0.15625 
0 0.24330357142857142 0.7142857142857143 0.12053571428571429 0.16071428571428573 
0 0.4174107142857143 0.7254464285714286 0.13839285714285715 0.14732142857142858 
0 0.32589285714285715 0.5736607142857143 0.11607142857142858 0.15625 
0 0.5066964285714286 0.5803571428571429 0.13839285714285715 0.15178571428571427 
