0 0.2611607142857143 0.013392857142857142 0.07589285714285714 0.05357142857142857 
0 0.34598214285714285 0.015625 0.07589285714285714 0.049107142857142856 
0 0.4330357142857143 0.013392857142857142 0.0625 0.0625 
0 0.5111607142857143 0.011160714285714286 0.05803571428571429 0.05803571428571429 
0 0.5758928571428571 0.011160714285714286 0.0625 0.05803571428571429 
0 0.65625 0.011160714285714286 0.0625 0.05803571428571429 
0 0.734375 0.006696428571428571 0.06696428571428571 0.05803571428571429 
0 0.04241071428571429 0.16294642857142858 0.06696428571428571 0.05803571428571429 
0 0.07366071428571429 0.21428571428571427 0.05803571428571429 0.0625 
0 0.12053571428571429 0.16741071428571427 0.05357142857142857 0.05803571428571429 
0 0.15625 0.21651785714285715 0.05357142857142857 0.05803571428571429 
0 0.18973214285714285 0.16517857142857142 0.049107142857142856 0.05357142857142857 
0 0.22767857142857142 0.21205357142857142 0.05357142857142857 0.06696428571428571 
0 0.27455357142857145 0.16294642857142858 0.05803571428571429 0.05803571428571429 
0 0.3125 0.21205357142857142 0.05357142857142857 0.05803571428571429 
0 0.3549107142857143 0.16741071428571427 0.049107142857142856 0.05803571428571429 
0 0.38169642857142855 0.21428571428571427 0.049107142857142856 0.05357142857142857 
0 0.4263392857142857 0.16741071428571427 0.05803571428571429 0.05803571428571429 
0 0.45982142857142855 0.21651785714285715 0.07142857142857142 0.05803571428571429 
0 0.5133928571428571 0.16071428571428573 0.0625 0.05357142857142857 
0 0.5446428571428571 0.21205357142857142 0.0625 0.05803571428571429 
0 0.5825892857142857 0.16294642857142858 0.05803571428571429 0.06696428571428571 
0 0.6227678571428571 0.21651785714285715 0.05803571428571429 0.05803571428571429 
0 0.65625 0.16071428571428573 0.05357142857142857 0.0625 
0 0.6986607142857143 0.20982142857142858 0.05803571428571429 0.0625 
0 0.7410714285714286 0.16517857142857142 0.05357142857142857 0.0625 
0 0.7745535714285714 0.20758928571428573 0.05803571428571429 0.06696428571428571 
0 0.8191964285714286 0.16294642857142858 0.05803571428571429 0.06696428571428571 
0 0.8504464285714286 0.21205357142857142 0.049107142857142856 0.05803571428571429 
0 0.8928571428571429 0.16294642857142858 0.05357142857142857 0.05803571428571429 
0 0.9241071428571429 0.20535714285714285 0.0625 0.07142857142857142 
0 0.9754464285714286 0.16294642857142858 0.05803571428571429 0.06696428571428571 
0 0.022321428571428572 0.5535714285714286 0.08928571428571429 0.08035714285714286 
0 0.07366071428571429 0.4799107142857143 0.05803571428571429 0.08482142857142858 
0 0.12276785714285714 0.5558035714285714 0.07589285714285714 0.07589285714285714 
0 0.17633928571428573 0.47767857142857145 0.05803571428571429 0.08035714285714286 
0 0.22321428571428573 0.5513392857142857 0.07142857142857142 0.07589285714285714 
0 0.27232142857142855 0.47767857142857145 0.0625 0.08928571428571429 
0 0.31919642857142855 0.5424107142857143 0.07589285714285714 0.07589285714285714 
0 0.37723214285714285 0.47767857142857145 0.05803571428571429 0.08035714285714286 
0 0.42857142857142855 0.546875 0.07142857142857142 0.08482142857142858 
0 0.47544642857142855 0.47767857142857145 0.06696428571428571 0.08035714285714286 
0 0.5267857142857143 0.5491071428571429 0.07142857142857142 0.07142857142857142 
0 0.5758928571428571 0.4732142857142857 0.0625 0.08035714285714286 
0 0.6160714285714286 0.53125 0.08928571428571429 0.08035714285714286 
0 0.671875 0.46875 0.06696428571428571 0.08035714285714286 
0 0.7232142857142857 0.53125 0.0625 0.07142857142857142 
0 0.7723214285714286 0.46205357142857145 0.044642857142857144 0.07589285714285714 
0 0.8236607142857143 0.5379464285714286 0.06696428571428571 0.07589285714285714 
0 0.875 0.46875 0.0625 0.08035714285714286 
0 0.9174107142857143 0.53125 0.07589285714285714 0.08928571428571429 
0 0.9799107142857143 0.4642857142857143 0.05803571428571429 0.08928571428571429 
0 0.08258928571428571 0.7366071428571429 0.06696428571428571 0.08035714285714286 
0 0.12723214285714285 0.8013392857142857 0.08482142857142858 0.07589285714285714 
0 0.18080357142857142 0.7299107142857143 0.05803571428571429 0.07589285714285714 
0 0.22544642857142858 0.8013392857142857 0.06696428571428571 0.07589285714285714 
0 0.28125 0.7276785714285714 0.0625 0.08928571428571429 
0 0.33705357142857145 0.8058035714285714 0.06696428571428571 0.06696428571428571 
0 0.38169642857142855 0.7232142857142857 0.06696428571428571 0.09821428571428571 
0 0.4263392857142857 0.8013392857142857 0.06696428571428571 0.07589285714285714 
0 0.47098214285714285 0.7232142857142857 0.06696428571428571 0.08928571428571429 
0 0.5267857142857143 0.7946428571428571 0.07142857142857142 0.08035714285714286 
0 0.5736607142857143 0.7232142857142857 0.06696428571428571 0.08928571428571429 
0 0.625 0.7946428571428571 0.07142857142857142 0.08035714285714286 
0 0.6763392857142857 0.7232142857142857 0.06696428571428571 0.08035714285714286 
0 0.7209821428571429 0.7879464285714286 0.07589285714285714 0.08482142857142858 
0 0.7745535714285714 0.71875 0.05803571428571429 0.08035714285714286 
0 0.8325892857142857 0.7946428571428571 0.07589285714285714 0.08035714285714286 
0 0.8816964285714286 0.7142857142857143 0.06696428571428571 0.08928571428571429 
0 0.9330357142857143 0.7857142857142857 0.0625 0.08035714285714286 
0 0.9866071428571429 0.7165178571428571 0.05357142857142857 0.09375 
0 0.03571428571428571 0.9933035714285714 0.0625 0.08482142857142858 
0 0.12053571428571429 0.9955357142857143 0.05357142857142857 0.08928571428571429 
0 0.22767857142857142 0.9866071428571429 0.05357142857142857 0.08928571428571429 
0 0.3325892857142857 0.9910714285714286 0.07589285714285714 0.08035714285714286 
0 0.43080357142857145 0.9866071428571429 0.05803571428571429 0.08035714285714286 
0 0.5223214285714286 0.984375 0.0625 0.08482142857142858 
0 0.6272321428571429 0.984375 0.06696428571428571 0.07589285714285714 
0 0.7299107142857143 0.9799107142857143 0.05803571428571429 0.08482142857142858 
0 0.8303571428571429 0.984375 0.0625 0.08482142857142858 
0 0.9174107142857143 0.9776785714285714 0.049107142857142856 0.08035714285714286 
