0 0.08258928571428571 0.04241071428571429 0.06696428571428571 0.07589285714285714 
0 0.1875 0.044642857142857144 0.07142857142857142 0.08035714285714286 
0 0.2767857142857143 0.033482142857142856 0.0625 0.08482142857142858 
0 0.375 0.03794642857142857 0.0625 0.08482142857142858 
0 0.484375 0.04017857142857143 0.06696428571428571 0.08928571428571429 
0 0.5803571428571429 0.03571428571428571 0.05357142857142857 0.08035714285714286 
0 0.6741071428571429 0.026785714285714284 0.0625 0.08035714285714286 
0 0.7723214285714286 0.033482142857142856 0.0625 0.07589285714285714 
0 0.8861607142857143 0.026785714285714284 0.05803571428571429 0.08035714285714286 
0 0.9977678571428571 0.22321428571428573 0.07589285714285714 0.08928571428571429 
0 0.9352678571428571 0.28125 0.08482142857142858 0.08928571428571429 
0 0.8861607142857143 0.21875 0.06696428571428571 0.08035714285714286 
0 0.8325892857142857 0.28125 0.06696428571428571 0.08928571428571429 
0 0.78125 0.21875 0.07142857142857142 0.08928571428571429 
0 0.7276785714285714 0.28125 0.08928571428571429 0.08928571428571429 
0 0.6875 0.22767857142857142 0.07142857142857142 0.08928571428571429 
0 0.6316964285714286 0.27901785714285715 0.07589285714285714 0.10267857142857142 
0 0.5825892857142857 0.22321428571428573 0.08482142857142858 0.08928571428571429 
0 0.5334821428571429 0.28794642857142855 0.06696428571428571 0.09375 
0 0.47544642857142855 0.23660714285714285 0.08482142857142858 0.08928571428571429 
0 0.38839285714285715 0.234375 0.07142857142857142 0.08482142857142858 
0 0.2924107142857143 0.23660714285714285 0.07589285714285714 0.08035714285714286 
0 0.17857142857142858 0.22991071428571427 0.0625 0.07589285714285714 
0 0.022321428571428572 0.30357142857142855 0.07142857142857142 0.07142857142857142 
0 0.08258928571428571 0.5178571428571429 0.07589285714285714 0.08035714285714286 
0 0.28794642857142855 0.5044642857142857 0.07589285714285714 0.09821428571428571 
0 0.40848214285714285 0.5133928571428571 0.07589285714285714 0.08928571428571429 
0 0.609375 0.5022321428571429 0.06696428571428571 0.07589285714285714 
0 0.7165178571428571 0.5022321428571429 0.06696428571428571 0.08482142857142858 
0 0.9241071428571429 0.4955357142857143 0.07142857142857142 0.08035714285714286 
0 0.9308035714285714 0.71875 0.05803571428571429 0.09821428571428571 
0 0.84375 0.7232142857142857 0.05357142857142857 0.08928571428571429 
0 0.7589285714285714 0.7209821428571429 0.0625 0.09375 
0 0.6785714285714286 0.7254464285714286 0.05357142857142857 0.08482142857142858 
0 0.5915178571428571 0.7165178571428571 0.049107142857142856 0.09375 
0 0.5066964285714286 0.7232142857142857 0.05803571428571429 0.09821428571428571 
0 0.3392857142857143 0.7276785714285714 0.0625 0.08928571428571429 
0 0.265625 0.7254464285714286 0.049107142857142856 0.09375 
0 0.18526785714285715 0.7321428571428571 0.049107142857142856 0.08928571428571429 
0 0.011160714285714286 0.7321428571428571 0.05803571428571429 0.08928571428571429 
0 0.044642857142857144 0.96875 0.044642857142857144 0.0625 
0 0.109375 0.96875 0.04017857142857143 0.07142857142857142 
0 0.16964285714285715 0.9642857142857143 0.044642857142857144 0.0625 
0 0.24776785714285715 0.9642857142857143 0.04017857142857143 0.0625 
0 0.31919642857142855 0.9642857142857143 0.049107142857142856 0.0625 
0 0.38392857142857145 0.9642857142857143 0.044642857142857144 0.0625 
0 0.4419642857142857 0.9575892857142857 0.03571428571428571 0.05803571428571429 
0 0.5066964285714286 0.9508928571428571 0.049107142857142856 0.0625 
0 0.5758928571428571 0.9508928571428571 0.05357142857142857 0.0625 
0 0.6428571428571429 0.9553571428571429 0.044642857142857144 0.0625 
0 0.7098214285714286 0.9553571428571429 0.044642857142857144 0.0625 
0 0.7745535714285714 0.953125 0.049107142857142856 0.05803571428571429 
0 0.8392857142857143 0.9486607142857143 0.044642857142857144 0.05803571428571429 
0 0.9151785714285714 0.9464285714285714 0.044642857142857144 0.05357142857142857 
0 0.9821428571428571 0.9486607142857143 0.03571428571428571 0.05803571428571429 
