0 0.08035714285714286 0.3125 0.13392857142857142 0.1875 
0 0.19642857142857142 0.15178571428571427 0.14285714285714285 0.20535714285714285 
0 0.28794642857142855 0.2924107142857143 0.14732142857142858 0.19196428571428573 
0 0.4174107142857143 0.16964285714285715 0.12946428571428573 0.1875 
0 0.5290178571428571 0.30580357142857145 0.13839285714285715 0.19196428571428573 
0 0.6383928571428571 0.16294642857142858 0.13392857142857142 0.19196428571428573 
0 0.7299107142857143 0.3125 0.13839285714285715 0.16964285714285715 
0 0.8526785714285714 0.15178571428571427 0.13392857142857142 0.17857142857142858 
0 0.9464285714285714 0.3013392857142857 0.10714285714285714 0.17410714285714285 
0 0.006696428571428571 0.78125 0.15625 0.20535714285714285 
0 0.12946428571428573 0.9375 0.13392857142857142 0.16964285714285715 
0 0.24776785714285715 0.7745535714285714 0.13839285714285715 0.19196428571428573 
0 0.35044642857142855 0.9375 0.13839285714285715 0.16071428571428573 
0 0.453125 0.7678571428571429 0.14732142857142858 0.19642857142857142 
0 0.5491071428571429 0.9263392857142857 0.11607142857142858 0.18303571428571427 
0 0.6830357142857143 0.7834821428571429 0.16071428571428573 0.18303571428571427 
0 0.7723214285714286 0.9285714285714286 0.14285714285714285 0.19642857142857142 
0 0.9084821428571429 0.78125 0.12946428571428573 0.1875 
