0 0.9575892857142857 0.19196428571428573 0.049107142857142856 0.0625 
0 0.8571428571428571 0.19196428571428573 0.05357142857142857 0.0625 
0 0.7566964285714286 0.18080357142857142 0.049107142857142856 0.05803571428571429 
0 0.6607142857142857 0.17857142857142858 0.05357142857142857 0.07142857142857142 
0 0.5580357142857143 0.17410714285714285 0.044642857142857144 0.07142857142857142 
0 0.4486607142857143 0.16964285714285715 0.049107142857142856 0.0625 
0 0.34375 0.16294642857142858 0.044642857142857144 0.05803571428571429 
0 0.24330357142857142 0.15848214285714285 0.05803571428571429 0.05803571428571429 
0 0.13839285714285715 0.16294642857142858 0.03571428571428571 0.05803571428571429 
0 0.033482142857142856 0.14732142857142858 0.06696428571428571 0.0625 
0 0.19866071428571427 0.4955357142857143 0.049107142857142856 0.044642857142857144 
0 0.24776785714285715 0.5379464285714286 0.04017857142857143 0.049107142857142856 
0 0.27455357142857145 0.5 0.04017857142857143 0.044642857142857144 
0 0.3125 0.5334821428571429 0.044642857142857144 0.049107142857142856 
0 0.34375 0.49330357142857145 0.03571428571428571 0.03125 
0 0.38169642857142855 0.5290178571428571 0.04017857142857143 0.04017857142857143 
0 0.41517857142857145 0.49330357142857145 0.03571428571428571 0.04017857142857143 
0 0.45089285714285715 0.5334821428571429 0.03571428571428571 0.04017857142857143 
0 0.48214285714285715 0.49330357142857145 0.044642857142857144 0.05803571428571429 
0 0.5200892857142857 0.5245535714285714 0.04017857142857143 0.03125 
0 0.5558035714285714 0.49330357142857145 0.04017857142857143 0.04017857142857143 
0 0.59375 0.5290178571428571 0.044642857142857144 0.04017857142857143 
0 0.6272321428571429 0.4888392857142857 0.04017857142857143 0.049107142857142856 
0 0.6607142857142857 0.5245535714285714 0.044642857142857144 0.04017857142857143 
0 0.6919642857142857 0.4888392857142857 0.044642857142857144 0.049107142857142856 
0 0.7276785714285714 0.5245535714285714 0.044642857142857144 0.03125 
0 0.7633928571428571 0.48660714285714285 0.044642857142857144 0.03571428571428571 
0 0.796875 0.5200892857142857 0.049107142857142856 0.049107142857142856 
0 0.8325892857142857 0.48660714285714285 0.04017857142857143 0.044642857142857144 
0 0.8660714285714286 0.5245535714285714 0.03571428571428571 0.04017857142857143 
0 0.9017857142857143 0.48660714285714285 0.044642857142857144 0.044642857142857144 
0 0.9375 0.5223214285714286 0.044642857142857144 0.044642857142857144 
0 0.9732142857142857 0.484375 0.044642857142857144 0.049107142857142856 
0 0.9665178571428571 0.703125 0.049107142857142856 0.04017857142857143 
0 0.9308035714285714 0.6651785714285714 0.049107142857142856 0.044642857142857144 
0 0.8973214285714286 0.7008928571428571 0.044642857142857144 0.044642857142857144 
0 0.8571428571428571 0.6651785714285714 0.044642857142857144 0.044642857142857144 
0 0.8236607142857143 0.7053571428571429 0.049107142857142856 0.044642857142857144 
0 0.7946428571428571 0.6629464285714286 0.05357142857142857 0.049107142857142856 
0 0.7566964285714286 0.7008928571428571 0.04017857142857143 0.03571428571428571 
0 0.7209821428571429 0.6651785714285714 0.049107142857142856 0.05357142857142857 
0 0.6897321428571429 0.7053571428571429 0.04017857142857143 0.044642857142857144 
0 0.65625 0.6674107142857143 0.05357142857142857 0.049107142857142856 
0 0.6205357142857143 0.7075892857142857 0.044642857142857144 0.04017857142857143 
0 0.5870535714285714 0.6696428571428571 0.049107142857142856 0.044642857142857144 
0 0.5491071428571429 0.7075892857142857 0.05357142857142857 0.04017857142857143 
0 0.5223214285714286 0.6696428571428571 0.05357142857142857 0.044642857142857144 
0 0.48214285714285715 0.7120535714285714 0.03571428571428571 0.04017857142857143 
0 0.44642857142857145 0.6696428571428571 0.03571428571428571 0.044642857142857144 
0 0.40848214285714285 0.7098214285714286 0.049107142857142856 0.044642857142857144 
0 0.3794642857142857 0.6696428571428571 0.044642857142857144 0.05357142857142857 
0 0.3392857142857143 0.7075892857142857 0.044642857142857144 0.04017857142857143 
0 0.3080357142857143 0.6674107142857143 0.044642857142857144 0.049107142857142856 
0 0.27232142857142855 0.7142857142857143 0.03571428571428571 0.044642857142857144 
0 0.24107142857142858 0.671875 0.05357142857142857 0.049107142857142856 
0 0.19642857142857142 0.7098214285714286 0.044642857142857144 0.044642857142857144 
0 0.171875 0.671875 0.049107142857142856 0.049107142857142856 
0 0.13616071428571427 0.7098214285714286 0.04017857142857143 0.044642857142857144 
0 0.09821428571428571 0.6763392857142857 0.044642857142857144 0.04017857142857143 
0 0.06473214285714286 0.7142857142857143 0.04017857142857143 0.044642857142857144 
0 0.024553571428571428 0.6763392857142857 0.04017857142857143 0.04017857142857143 
0 0.06473214285714286 0.8995535714285714 0.049107142857142856 0.049107142857142856 
0 0.14285714285714285 0.8995535714285714 0.05357142857142857 0.049107142857142856 
0 0.21428571428571427 0.8995535714285714 0.044642857142857144 0.049107142857142856 
0 0.28348214285714285 0.8973214285714286 0.049107142857142856 0.044642857142857144 
0 0.3482142857142857 0.8995535714285714 0.044642857142857144 0.04017857142857143 
0 0.4174107142857143 0.8928571428571429 0.049107142857142856 0.044642857142857144 
0 0.4888392857142857 0.8995535714285714 0.049107142857142856 0.049107142857142856 
0 0.5580357142857143 0.890625 0.044642857142857144 0.049107142857142856 
0 0.6294642857142857 0.8928571428571429 0.044642857142857144 0.044642857142857144 
0 0.6919642857142857 0.8950892857142857 0.044642857142857144 0.04017857142857143 
0 0.765625 0.890625 0.049107142857142856 0.04017857142857143 
0 0.8348214285714286 0.890625 0.03571428571428571 0.05803571428571429 
0 0.9040178571428571 0.8861607142857143 0.04017857142857143 0.049107142857142856 
0 0.9709821428571429 0.890625 0.04017857142857143 0.04017857142857143 
