0 0.08482142857142858 0.022321428571428572 0.07142857142857142 0.08928571428571429 
0 0.09151785714285714 0.21875 0.07589285714285714 0.08035714285714286 
0 0.044642857142857144 0.28348214285714285 0.08035714285714286 0.09375 
0 0.25892857142857145 0.484375 0.0625 0.08482142857142858 
0 0.2700892857142857 0.7142857142857143 0.05803571428571429 0.09821428571428571 
0 0.1875 0.71875 0.044642857142857144 0.08928571428571429 
0 0.10714285714285714 0.7165178571428571 0.05357142857142857 0.10267857142857142 
0 0.020089285714285716 0.7165178571428571 0.05803571428571429 0.08482142857142858 
0 0.05580357142857143 0.9464285714285714 0.05803571428571429 0.0625 
0 0.12053571428571429 0.9441964285714286 0.044642857142857144 0.049107142857142856 
0 0.18973214285714285 0.9419642857142857 0.049107142857142856 0.0625 
0 0.2544642857142857 0.9419642857142857 0.044642857142857144 0.0625 
0 0.9263392857142857 0.14508928571428573 0.05803571428571429 0.05803571428571429 
0 0.8191964285714286 0.14732142857142858 0.04017857142857143 0.05357142857142857 
0 0.9888392857142857 0.7142857142857143 0.049107142857142856 0.044642857142857144 
0 0.9575892857142857 0.6808035714285714 0.04017857142857143 0.049107142857142856 
0 0.921875 0.71875 0.04017857142857143 0.044642857142857144 
0 0.890625 0.6808035714285714 0.049107142857142856 0.049107142857142856 
0 0.8526785714285714 0.71875 0.044642857142857144 0.044642857142857144 
0 0.8169642857142857 0.6808035714285714 0.044642857142857144 0.049107142857142856 
0 0.7834821428571429 0.7232142857142857 0.04017857142857143 0.044642857142857144 
0 0.7477678571428571 0.6830357142857143 0.049107142857142856 0.044642857142857144 
0 0.7098214285714286 0.71875 0.03571428571428571 0.044642857142857144 
0 0.6808035714285714 0.6852678571428571 0.04017857142857143 0.049107142857142856 
0 0.6473214285714286 0.7209821428571429 0.044642857142857144 0.04017857142857143 
0 0.6116071428571429 0.6830357142857143 0.05357142857142857 0.044642857142857144 
0 0.5736607142857143 0.7165178571428571 0.049107142857142856 0.049107142857142856 
0 0.5848214285714286 0.90625 0.044642857142857144 0.044642857142857144 
0 0.6495535714285714 0.9040178571428571 0.04017857142857143 0.04017857142857143 
0 0.71875 0.9017857142857143 0.05357142857142857 0.044642857142857144 
0 0.7901785714285714 0.9040178571428571 0.03571428571428571 0.049107142857142856 
0 0.8571428571428571 0.9017857142857143 0.044642857142857144 0.044642857142857144 
0 0.9330357142857143 0.8995535714285714 0.03571428571428571 0.03125 
0 1.0 0.9017857142857143 0.044642857142857144 0.05357142857142857 
