0 0.09375 0.3080357142857143 0.14285714285714285 0.16071428571428573 
0 0.265625 0.30580357142857145 0.12946428571428573 0.15625 
0 0.44419642857142855 0.29464285714285715 0.13839285714285715 0.15178571428571427 
0 0.703125 0.44642857142857145 0.12053571428571429 0.17857142857142858 
0 0.7879464285714286 0.2924107142857143 0.10267857142857142 0.12946428571428573 
0 0.984375 0.29910714285714285 0.12946428571428573 0.15178571428571427 
0 0.05580357142857143 0.8415178571428571 0.13839285714285715 0.16517857142857142 
0 0.234375 0.8392857142857143 0.14732142857142858 0.16071428571428573 
0 0.4107142857142857 0.8325892857142857 0.125 0.16517857142857142 
0 0.578125 0.8370535714285714 0.14732142857142858 0.17410714285714285 
0 0.7544642857142857 0.8348214285714286 0.125 0.16071428571428573 
0 0.9151785714285714 0.8415178571428571 0.14285714285714285 0.16517857142857142 
