0 0.006696428571428571 0.078125 0.05803571428571429 0.06696428571428571 
0 0.20535714285714285 0.33035714285714285 0.044642857142857144 0.08035714285714286 
0 0.10267857142857142 0.328125 0.044642857142857144 0.06696428571428571 
0 0.002232142857142857 0.32589285714285715 0.05803571428571429 0.0625 
0 0.12723214285714285 0.7879464285714286 0.04017857142857143 0.049107142857142856 
0 0.08928571428571429 0.8258928571428571 0.044642857142857144 0.044642857142857144 
0 0.05357142857142857 0.7834821428571429 0.03571428571428571 0.04017857142857143 
0 0.022321428571428572 0.828125 0.044642857142857144 0.04017857142857143 
0 0.12946428571428573 0.9709821428571429 0.044642857142857144 0.049107142857142856 
0 0.0625 0.9732142857142857 0.044642857142857144 0.044642857142857144 
0 0.796875 0.2924107142857143 0.15625 0.19196428571428573 
0 0.9084821428571429 0.43526785714285715 0.14732142857142858 0.18303571428571427 
0 0.8415178571428571 0.90625 0.15625 0.19642857142857142 
