0 0.09375 0.21428571428571427 0.14285714285714285 0.19642857142857142 
0 0.22321428571428573 0.044642857142857144 0.15178571428571427 0.1875 
0 0.3236607142857143 0.20758928571428573 0.12946428571428573 0.18303571428571427 
0 0.4486607142857143 0.044642857142857144 0.13839285714285715 0.19642857142857142 
0 0.5446428571428571 0.203125 0.125 0.19196428571428573 
0 0.6607142857142857 0.046875 0.125 0.19196428571428573 
0 0.7700892857142857 0.20535714285714285 0.12946428571428573 0.19642857142857142 
0 0.8839285714285714 0.04241071428571429 0.13392857142857142 0.18303571428571427 
0 0.9799107142857143 0.20982142857142858 0.15625 0.20535714285714285 
0 0.03794642857142857 0.6629464285714286 0.13839285714285715 0.20089285714285715 
0 0.14732142857142858 0.8303571428571429 0.125 0.17857142857142858 
0 0.25892857142857145 0.6674107142857143 0.15178571428571427 0.20089285714285715 
0 0.3638392857142857 0.8392857142857143 0.13839285714285715 0.17857142857142858 
0 0.4642857142857143 0.6763392857142857 0.15178571428571427 0.20089285714285715 
0 0.5848214285714286 0.8191964285714286 0.13392857142857142 0.20089285714285715 
0 0.6964285714285714 0.6674107142857143 0.14285714285714285 0.20089285714285715 
0 0.8013392857142857 0.8303571428571429 0.11160714285714286 0.19642857142857142 
0 0.921875 0.6651785714285714 0.12946428571428573 0.20535714285714285 
