0 0.11383928571428571 0.5066964285714286 0.04017857142857143 0.06696428571428571 
0 0.011160714285714286 0.7924107142857143 0.03125 0.06696428571428571 
0 0.08258928571428571 0.796875 0.03125 0.05803571428571429 
0 0.15625 0.796875 0.03571428571428571 0.06696428571428571 
0 0.044642857142857144 0.984375 0.05357142857142857 0.06696428571428571 
0 0.109375 0.9776785714285714 0.03125 0.0625 
0 0.6651785714285714 0.26785714285714285 0.11607142857142858 0.125 
0 0.5758928571428571 0.38392857142857145 0.15178571428571427 0.15178571428571427 
0 0.7678571428571429 0.390625 0.14285714285714285 0.14732142857142858 
0 0.8950892857142857 0.26785714285714285 0.14732142857142858 0.13392857142857142 
