0 0.05357142857142857 0.05357142857142857 0.16071428571428573 0.13392857142857142 
0 0.48660714285714285 0.060267857142857144 0.14285714285714285 0.14732142857142858 
0 0.7165178571428571 0.0625 0.16517857142857142 0.14285714285714285 
0 0.044642857142857144 0.5825892857142857 0.125 0.14732142857142858 
0 0.16517857142857142 0.45089285714285715 0.15178571428571427 0.16071428571428573 
0 0.37723214285714285 0.44642857142857145 0.12946428571428573 0.14285714285714285 
0 0.484375 0.5892857142857143 0.12053571428571429 0.14285714285714285 
0 0.6071428571428571 0.4575892857142857 0.125 0.15625 
0 0.71875 0.578125 0.13392857142857142 0.13839285714285715 
0 0.8392857142857143 0.453125 0.14285714285714285 0.14732142857142858 
0 0.15625 0.9776785714285714 0.13392857142857142 0.14285714285714285 
0 0.38839285714285715 0.9821428571428571 0.14285714285714285 0.15178571428571427 
0 0.6004464285714286 0.9776785714285714 0.11160714285714286 0.13392857142857142 
0 0.8348214285714286 0.9799107142857143 0.16964285714285715 0.14732142857142858 
