0 0.017857142857142856 0.19642857142857142 0.13392857142857142 0.14285714285714285 
0 0.12053571428571429 0.04241071428571429 0.08928571428571429 0.12946428571428573 
0 0.24107142857142858 0.19642857142857142 0.13392857142857142 0.14285714285714285 
0 0.359375 0.046875 0.08482142857142858 0.15625 
0 0.47544642857142855 0.19642857142857142 0.12946428571428573 0.14285714285714285 
0 0.5825892857142857 0.05803571428571429 0.12946428571428573 0.15178571428571427 
0 0.8035714285714286 0.0625 0.11607142857142858 0.15178571428571427 
0 0.8549107142857143 0.7254464285714286 0.17410714285714285 0.13839285714285715 
0 0.5558035714285714 0.7053571428571429 0.12053571428571429 0.125 
0 0.33482142857142855 0.7120535714285714 0.14285714285714285 0.12946428571428573 
0 0.11830357142857142 0.7232142857142857 0.15625 0.13392857142857142 
