0 0.024553571428571428 0.35267857142857145 0.10267857142857142 0.07142857142857142 
0 0.21875 0.32142857142857145 0.08928571428571429 0.08035714285714286 
0 0.09375 0.8928571428571429 0.07142857142857142 0.08035714285714286 
0 0.21205357142857142 0.8348214285714286 0.07589285714285714 0.08035714285714286 
0 0.34375 0.7857142857142857 0.08035714285714286 0.09821428571428571 
0 0.46651785714285715 0.7388392857142857 0.07589285714285714 0.07589285714285714 
0 0.5982142857142857 0.6919642857142857 0.07142857142857142 0.08035714285714286 
0 0.7232142857142857 0.6316964285714286 0.0625 0.06696428571428571 
0 0.8504464285714286 0.5915178571428571 0.06696428571428571 0.07589285714285714 
0 0.9754464285714286 0.5290178571428571 0.06696428571428571 0.06696428571428571 
