0 0.11830357142857142 0.03571428571428571 0.16517857142857142 0.07142857142857142 
0 0.5133928571428571 0.046875 0.16071428571428573 0.09375 
0 0.9441964285714286 0.6540178571428571 0.11160714285714286 0.15625 
0 0.9441964285714286 0.8683035714285714 0.11160714285714286 0.16517857142857142 
0 0.4174107142857143 0.5580357142857143 0.20089285714285715 0.11607142857142858 
0 0.5357142857142857 0.6629464285714286 0.17857142857142858 0.08482142857142858 
0 0.41517857142857145 0.7433035714285714 0.17857142857142858 0.08482142857142858 
0 0.5491071428571429 0.8125 0.17857142857142858 0.08928571428571429 
0 0.41964285714285715 0.8950892857142857 0.16964285714285715 0.09375 
0 0.5558035714285714 0.96875 0.16517857142857142 0.0625 
