0 0.12946428571428573 0.14955357142857142 0.16071428571428573 0.12053571428571429 
0 0.12946428571428573 0.4955357142857143 0.16071428571428573 0.14285714285714285 
0 0.12053571428571429 0.671875 0.16071428571428573 0.12053571428571429 
0 0.12053571428571429 0.8415178571428571 0.16964285714285715 0.11160714285714286 
0 0.515625 0.16517857142857142 0.15625 0.13392857142857142 
0 0.5133928571428571 0.32142857142857145 0.16071428571428573 0.13392857142857142 
0 0.5089285714285714 0.5 0.15178571428571427 0.125 
0 0.5089285714285714 0.6629464285714286 0.16071428571428573 0.13839285714285715 
0 0.5111607142857143 0.8348214285714286 0.15625 0.13392857142857142 
0 0.640625 0.9308035714285714 0.15625 0.12053571428571429 
