0 0.9464285714285714 0.09821428571428571 0.10714285714285714 0.14285714285714285 
0 0.9419642857142857 0.31026785714285715 0.11607142857142858 0.13839285714285715 
0 0.953125 0.53125 0.09375 0.15178571428571427 
0 0.42410714285714285 0.05803571428571429 0.16964285714285715 0.10714285714285714 
0 0.5401785714285714 0.14285714285714285 0.19642857142857142 0.09821428571428571 
0 0.41964285714285715 0.22544642857142858 0.16964285714285715 0.09375 
0 0.5558035714285714 0.296875 0.17410714285714285 0.08482142857142858 
0 0.4263392857142857 0.390625 0.17410714285714285 0.07589285714285714 
0 0.5558035714285714 0.47098214285714285 0.16517857142857142 0.10267857142857142 
0 0.4330357142857143 0.5580357142857143 0.1875 0.10714285714285714 
0 0.5736607142857143 0.6651785714285714 0.18303571428571427 0.09821428571428571 
