0 0.6004464285714286 0.16517857142857142 0.14732142857142858 0.11607142857142858 
0 0.59375 0.3325892857142857 0.15178571428571427 0.12053571428571429 
0 0.45535714285714285 0.4107142857142857 0.16071428571428573 0.13392857142857142 
0 0.6004464285714286 0.5089285714285714 0.14732142857142858 0.125 
0 0.5982142857142857 0.671875 0.15178571428571427 0.12946428571428573 
0 0.45982142857142855 0.5848214285714286 0.16071428571428573 0.11607142857142858 
0 0.4642857142857143 0.7700892857142857 0.15178571428571427 0.12946428571428573 
0 0.953125 0.07142857142857142 0.09375 0.13392857142857142 
0 0.9553571428571429 0.23883928571428573 0.08928571428571429 0.12946428571428573 
0 0.9575892857142857 0.5870535714285714 0.08482142857142858 0.12053571428571429 
0 0.9486607142857143 0.7566964285714286 0.10267857142857142 0.11160714285714286 
0 0.9508928571428571 0.9352678571428571 0.09821428571428571 0.12053571428571429 
