0 0.33035714285714285 0.18526785714285715 0.15178571428571427 0.15625 
0 0.34375 0.40625 0.16071428571428573 0.16071428571428573 
0 0.34598214285714285 0.6495535714285714 0.15625 0.12946428571428573 
0 0.35044642857142855 0.8571428571428571 0.14732142857142858 0.14285714285714285 
0 0.859375 0.18973214285714285 0.14732142857142858 0.13839285714285715 
0 0.734375 0.3013392857142857 0.14732142857142858 0.12946428571428573 
0 0.8705357142857143 0.40848214285714285 0.13392857142857142 0.12053571428571429 
0 0.7366071428571429 0.5290178571428571 0.14285714285714285 0.12053571428571429 
0 0.8638392857142857 0.6294642857142857 0.14732142857142858 0.11607142857142858 
0 0.7433035714285714 0.7477678571428571 0.13839285714285715 0.12053571428571429 
0 0.8705357142857143 0.8526785714285714 0.14285714285714285 0.13392857142857142 
0 0.7410714285714286 0.953125 0.125 0.09375 
