0 0.18526785714285715 0.0625 0.16517857142857142 0.125 
0 0.060267857142857144 0.13839285714285715 0.12053571428571429 0.10714285714285714 
0 0.18526785714285715 0.22991071428571427 0.16517857142857142 0.12946428571428573 
0 0.060267857142857144 0.31473214285714285 0.12053571428571429 0.12946428571428573 
0 0.1875 0.39955357142857145 0.15178571428571427 0.11160714285714286 
0 0.18526785714285715 0.5669642857142857 0.14732142857142858 0.14285714285714285 
0 0.05357142857142857 0.6607142857142857 0.10714285714285714 0.10714285714285714 
0 0.17633928571428573 0.7455357142857143 0.15625 0.11607142857142858 
0 0.05803571428571429 0.8325892857142857 0.11607142857142858 0.12946428571428573 
0 0.7053571428571429 0.06473214285714286 0.16071428571428573 0.12053571428571429 
0 0.7098214285714286 0.234375 0.16071428571428573 0.12946428571428573 
0 0.5736607142857143 0.31026785714285715 0.15625 0.12946428571428573 
0 0.7120535714285714 0.40625 0.15625 0.11607142857142858 
0 0.5736607142857143 0.48660714285714285 0.14732142857142858 0.10714285714285714 
0 0.7165178571428571 0.5736607142857143 0.13839285714285715 0.10267857142857142 
0 0.578125 0.6584821428571429 0.15625 0.09375 
0 0.7142857142857143 0.7433035714285714 0.16071428571428573 0.12053571428571429 
0 0.7254464285714286 0.9174107142857143 0.14732142857142858 0.13839285714285715 
0 0.5736607142857143 0.8258928571428571 0.15625 0.11607142857142858 
