0 0.45982142857142855 0.21205357142857142 0.13392857142857142 0.12946428571428573 
0 0.3325892857142857 0.3236607142857143 0.12946428571428573 0.12053571428571429 
0 0.4486607142857143 0.44419642857142855 0.14732142857142858 0.12946428571428573 
0 0.3325892857142857 0.5491071428571429 0.13839285714285715 0.11607142857142858 
0 0.4642857142857143 0.6629464285714286 0.15178571428571427 0.12053571428571429 
0 0.33705357142857145 0.7700892857142857 0.12946428571428573 0.13839285714285715 
0 0.45535714285714285 0.875 0.14285714285714285 0.125 
0 0.34375 0.9665178571428571 0.125 0.06696428571428571 
0 0.9642857142857143 0.21428571428571427 0.07142857142857142 0.11607142857142858 
0 0.8616071428571429 0.32142857142857145 0.13392857142857142 0.11607142857142858 
0 0.9642857142857143 0.4486607142857143 0.07142857142857142 0.12946428571428573 
0 0.8683035714285714 0.546875 0.12946428571428573 0.11160714285714286 
0 0.9642857142857143 0.6629464285714286 0.07142857142857142 0.11160714285714286 
0 0.9642857142857143 0.8928571428571429 0.07142857142857142 0.10714285714285714 
0 0.8727678571428571 0.9642857142857143 0.13839285714285715 0.07142857142857142 
