0 0.1875 0.37723214285714285 0.15178571428571427 0.13839285714285715 
0 0.060267857142857144 0.47098214285714285 0.12053571428571429 0.13839285714285715 
0 0.05580357142857143 0.6339285714285714 0.11160714285714286 0.10714285714285714 
0 0.18080357142857142 0.7209821428571429 0.17410714285714285 0.12053571428571429 
0 0.05803571428571429 0.7991071428571429 0.11607142857142858 0.11607142857142858 
0 0.17410714285714285 0.890625 0.17857142857142858 0.11160714285714286 
0 0.7075892857142857 0.38392857142857145 0.14732142857142858 0.13392857142857142 
0 0.5714285714285714 0.4732142857142857 0.15178571428571427 0.125 
0 0.7075892857142857 0.5580357142857143 0.15625 0.11607142857142858 
0 0.5736607142857143 0.6383928571428571 0.14732142857142858 0.10714285714285714 
0 0.7075892857142857 0.7209821428571429 0.14732142857142858 0.11160714285714286 
0 0.7120535714285714 0.8883928571428571 0.15625 0.10714285714285714 
0 0.5803571428571429 0.9620535714285714 0.13392857142857142 0.07589285714285714 
