0 0.020089285714285716 0.7611607142857143 0.04017857142857143 0.07589285714285714 
0 0.020089285714285716 0.8459821428571429 0.04017857142857143 0.07589285714285714 
0 0.022321428571428572 0.9330357142857143 0.044642857142857144 0.0625 
0 0.16294642857142858 0.5424107142857143 0.05803571428571429 0.06696428571428571 
0 0.20982142857142858 0.49776785714285715 0.05357142857142857 0.06696428571428571 
0 0.21428571428571427 0.5736607142857143 0.0625 0.05803571428571429 
0 0.16741071428571427 0.6205357142857143 0.05803571428571429 0.05357142857142857 
0 0.21651785714285715 0.65625 0.05803571428571429 0.05357142857142857 
0 0.16517857142857142 0.6897321428571429 0.05357142857142857 0.049107142857142856 
0 0.21205357142857142 0.7276785714285714 0.06696428571428571 0.05357142857142857 
0 0.16294642857142858 0.7745535714285714 0.05803571428571429 0.05803571428571429 
0 0.21205357142857142 0.8125 0.05803571428571429 0.05357142857142857 
0 0.16741071428571427 0.8549107142857143 0.05803571428571429 0.049107142857142856 
0 0.21428571428571427 0.8816964285714286 0.05357142857142857 0.049107142857142856 
0 0.16741071428571427 0.9263392857142857 0.05803571428571429 0.05803571428571429 
0 0.21651785714285715 0.9598214285714286 0.05803571428571429 0.07142857142857142 
0 0.4799107142857143 0.4732142857142857 0.09375 0.07142857142857142 
0 0.5535714285714286 0.5223214285714286 0.08035714285714286 0.08928571428571429 
0 0.4799107142857143 0.5736607142857143 0.08482142857142858 0.05803571428571429 
0 0.5558035714285714 0.6227678571428571 0.07589285714285714 0.07589285714285714 
0 0.47767857142857145 0.6763392857142857 0.08035714285714286 0.05803571428571429 
0 0.5513392857142857 0.7232142857142857 0.07589285714285714 0.07142857142857142 
0 0.47767857142857145 0.7723214285714286 0.08928571428571429 0.0625 
0 0.5424107142857143 0.8191964285714286 0.07589285714285714 0.07589285714285714 
0 0.47767857142857145 0.8772321428571429 0.08035714285714286 0.05803571428571429 
0 0.546875 0.9285714285714286 0.08482142857142858 0.07142857142857142 
0 0.47767857142857145 0.9709821428571429 0.08035714285714286 0.05803571428571429 
0 0.8058035714285714 0.4263392857142857 0.07589285714285714 0.07589285714285714 
0 0.7366071428571429 0.47767857142857145 0.08035714285714286 0.07142857142857142 
0 0.7366071428571429 0.5825892857142857 0.08035714285714286 0.06696428571428571 
0 0.8013392857142857 0.6272321428571429 0.07589285714285714 0.08482142857142858 
0 0.7299107142857143 0.6808035714285714 0.07589285714285714 0.05803571428571429 
0 0.8013392857142857 0.7254464285714286 0.07589285714285714 0.06696428571428571 
0 0.7276785714285714 0.78125 0.08928571428571429 0.0625 
0 0.8058035714285714 0.8370535714285714 0.06696428571428571 0.06696428571428571 
0 0.7232142857142857 0.8816964285714286 0.09821428571428571 0.06696428571428571 
0 0.8013392857142857 0.9263392857142857 0.07589285714285714 0.06696428571428571 
0 0.7232142857142857 0.96875 0.08928571428571429 0.0625 
0 0.9799107142857143 0.3236607142857143 0.04017857142857143 0.05803571428571429 
0 0.9754464285714286 0.5357142857142857 0.049107142857142856 0.0625 
0 0.9754464285714286 0.6205357142857143 0.049107142857142856 0.05357142857142857 
0 0.9709821428571429 0.7276785714285714 0.05803571428571429 0.05357142857142857 
0 0.9754464285714286 0.8325892857142857 0.049107142857142856 0.07589285714285714 
0 0.9732142857142857 0.9308035714285714 0.05357142857142857 0.05803571428571429 
