0 0.31473214285714285 0.024553571428571428 0.08482142857142858 0.049107142857142856 
0 0.37723214285714285 0.08035714285714286 0.05803571428571429 0.0625 
0 0.3125 0.140625 0.07142857142857142 0.05803571428571429 
0 0.38169642857142855 0.21205357142857142 0.07589285714285714 0.06696428571428571 
0 0.3169642857142857 0.27901785714285715 0.07142857142857142 0.06696428571428571 
0 0.38169642857142855 0.33482142857142855 0.07589285714285714 0.0625 
0 0.06696428571428571 0.21651785714285715 0.08928571428571429 0.06696428571428571 
0 0.06696428571428571 0.34375 0.08035714285714286 0.07142857142857142 
0 0.07366071428571429 0.4642857142857143 0.07589285714285714 0.08035714285714286 
0 0.07366071428571429 0.5982142857142857 0.07589285714285714 0.0625 
0 0.31026785714285715 0.4017857142857143 0.07589285714285714 0.0625 
0 0.3794642857142857 0.46205357142857145 0.07142857142857142 0.06696428571428571 
0 0.31026785714285715 0.5290178571428571 0.08482142857142858 0.06696428571428571 
0 0.37723214285714285 0.5870535714285714 0.08482142857142858 0.06696428571428571 
0 0.3013392857142857 0.65625 0.08482142857142858 0.07142857142857142 
0 0.6116071428571429 0.6473214285714286 0.08035714285714286 0.08035714285714286 
0 0.6160714285714286 0.5245535714285714 0.08035714285714286 0.06696428571428571 
0 0.6116071428571429 0.3950892857142857 0.08035714285714286 0.07589285714285714 
0 0.6160714285714286 0.26339285714285715 0.08035714285714286 0.08035714285714286 
0 0.6183035714285714 0.140625 0.07589285714285714 0.07589285714285714 
0 0.6138392857142857 0.026785714285714284 0.08482142857142858 0.05357142857142857 
0 0.9642857142857143 0.04017857142857143 0.0625 0.05357142857142857 
0 0.8928571428571429 0.08705357142857142 0.0625 0.049107142857142856 
0 0.953125 0.13839285714285715 0.05803571428571429 0.044642857142857144 
0 0.8973214285714286 0.19196428571428573 0.0625 0.05357142857142857 
0 0.9575892857142857 0.24553571428571427 0.05803571428571429 0.05357142857142857 
0 0.8950892857142857 0.30357142857142855 0.05803571428571429 0.05357142857142857 
0 0.953125 0.3549107142857143 0.05803571428571429 0.049107142857142856 
0 0.8950892857142857 0.40401785714285715 0.06696428571428571 0.05803571428571429 
0 0.9575892857142857 0.45982142857142855 0.05803571428571429 0.044642857142857144 
0 0.8950892857142857 0.515625 0.06696428571428571 0.05803571428571429 
0 0.953125 0.5647321428571429 0.05803571428571429 0.05803571428571429 
0 0.890625 0.6183035714285714 0.07589285714285714 0.049107142857142856 
0 0.9575892857142857 0.6629464285714286 0.05803571428571429 0.05803571428571429 
