0 0.020089285714285716 0.07589285714285714 0.04017857142857143 0.0625 
0 0.020089285714285716 0.15625 0.04017857142857143 0.0625 
0 0.017857142857142856 0.234375 0.03571428571428571 0.06696428571428571 
0 0.015625 0.5401785714285714 0.03125 0.05357142857142857 
0 0.16071428571428573 0.022321428571428572 0.05357142857142857 0.044642857142857144 
0 0.21205357142857142 0.044642857142857144 0.05803571428571429 0.0625 
0 0.16294642857142858 0.08258928571428571 0.06696428571428571 0.05803571428571429 
0 0.21651785714285715 0.12276785714285714 0.05803571428571429 0.05803571428571429 
0 0.16071428571428573 0.15625 0.0625 0.05357142857142857 
0 0.20982142857142858 0.19866071428571427 0.0625 0.05803571428571429 
0 0.16517857142857142 0.24107142857142858 0.0625 0.05357142857142857 
0 0.20758928571428573 0.27455357142857145 0.06696428571428571 0.05803571428571429 
0 0.16294642857142858 0.31919642857142855 0.06696428571428571 0.05803571428571429 
0 0.21205357142857142 0.35044642857142855 0.05803571428571429 0.049107142857142856 
0 0.16294642857142858 0.39285714285714285 0.05803571428571429 0.05357142857142857 
0 0.20535714285714285 0.42410714285714285 0.07142857142857142 0.0625 
0 0.16294642857142858 0.47544642857142855 0.06696428571428571 0.05803571428571429 
0 0.20982142857142858 0.5044642857142857 0.05357142857142857 0.0625 
0 0.16517857142857142 0.5513392857142857 0.05357142857142857 0.05803571428571429 
0 0.20758928571428573 0.5825892857142857 0.06696428571428571 0.06696428571428571 
0 0.16517857142857142 0.6227678571428571 0.0625 0.05803571428571429 
0 0.21205357142857142 0.6607142857142857 0.05803571428571429 0.0625 
0 0.16294642857142858 0.7120535714285714 0.05803571428571429 0.05803571428571429 
0 0.21428571428571427 0.7433035714285714 0.0625 0.06696428571428571 
0 0.5491071428571429 0.03125 0.07142857142857142 0.0625 
0 0.4732142857142857 0.07589285714285714 0.08035714285714286 0.0625 
0 0.53125 0.11607142857142858 0.08035714285714286 0.08928571428571429 
0 0.46875 0.171875 0.08035714285714286 0.06696428571428571 
0 0.53125 0.22321428571428573 0.07142857142857142 0.0625 
0 0.46205357142857145 0.27232142857142855 0.07589285714285714 0.044642857142857144 
0 0.5379464285714286 0.3236607142857143 0.07589285714285714 0.06696428571428571 
0 0.46875 0.375 0.08035714285714286 0.0625 
0 0.53125 0.4174107142857143 0.08928571428571429 0.07589285714285714 
0 0.4642857142857143 0.4799107142857143 0.08928571428571429 0.05803571428571429 
0 0.53125 0.5245535714285714 0.08035714285714286 0.06696428571428571 
0 0.46205357142857145 0.5736607142857143 0.09375 0.05803571428571429 
0 0.5334821428571429 0.6339285714285714 0.07589285714285714 0.07142857142857142 
0 0.45982142857142855 0.6785714285714286 0.08035714285714286 0.0625 
0 0.5267857142857143 0.7165178571428571 0.07142857142857142 0.06696428571428571 
0 0.45982142857142855 0.7723214285714286 0.08035714285714286 0.07142857142857142 
0 0.5223214285714286 0.8191964285714286 0.08928571428571429 0.06696428571428571 
0 0.453125 0.8794642857142857 0.08482142857142858 0.0625 
0 0.5223214285714286 0.9263392857142857 0.08928571428571429 0.07589285714285714 
0 0.45089285714285715 0.9754464285714286 0.08928571428571429 0.049107142857142856 
0 0.7946428571428571 0.03125 0.08035714285714286 0.0625 
0 0.7232142857142857 0.07366071428571429 0.08928571428571429 0.06696428571428571 
0 0.7946428571428571 0.125 0.08035714285714286 0.07142857142857142 
0 0.7232142857142857 0.17633928571428573 0.08035714285714286 0.06696428571428571 
0 0.7879464285714286 0.22098214285714285 0.08482142857142858 0.07589285714285714 
0 0.71875 0.27455357142857145 0.08035714285714286 0.05803571428571429 
0 0.7946428571428571 0.3325892857142857 0.08035714285714286 0.07589285714285714 
0 0.7142857142857143 0.38169642857142855 0.08928571428571429 0.06696428571428571 
0 0.7857142857142857 0.4330357142857143 0.08035714285714286 0.0625 
0 0.7165178571428571 0.48660714285714285 0.09375 0.05357142857142857 
0 0.7901785714285714 0.5290178571428571 0.07142857142857142 0.06696428571428571 
0 0.7120535714285714 0.5825892857142857 0.08482142857142858 0.049107142857142856 
0 0.7834821428571429 0.6294642857142857 0.08482142857142858 0.0625 
0 0.7098214285714286 0.6808035714285714 0.08035714285714286 0.049107142857142856 
0 0.7834821428571429 0.7321428571428571 0.08482142857142858 0.07142857142857142 
0 0.7165178571428571 0.78125 0.09375 0.05357142857142857 
0 0.78125 0.8236607142857143 0.08035714285714286 0.07589285714285714 
0 0.7098214285714286 0.8839285714285714 0.08035714285714286 0.0625 
0 0.7745535714285714 0.9308035714285714 0.08482142857142858 0.06696428571428571 
0 0.7075892857142857 0.9754464285714286 0.07589285714285714 0.049107142857142856 
0 0.9709821428571429 0.026785714285714284 0.05803571428571429 0.05357142857142857 
0 0.9732142857142857 0.12723214285714285 0.05357142857142857 0.06696428571428571 
0 0.96875 0.22991071428571427 0.0625 0.05803571428571429 
0 0.9709821428571429 0.33035714285714285 0.05803571428571429 0.0625 
0 0.96875 0.4174107142857143 0.0625 0.049107142857142856 
0 0.9709821428571429 0.5357142857142857 0.05803571428571429 0.05357142857142857 
0 0.96875 0.6339285714285714 0.0625 0.0625 
0 0.9665178571428571 0.7254464285714286 0.06696428571428571 0.05803571428571429 
0 0.9665178571428571 0.8258928571428571 0.06696428571428571 0.05357142857142857 
0 0.9620535714285714 0.9285714285714286 0.07589285714285714 0.07142857142857142 
