0 0.06696428571428571 0.07366071428571429 0.07142857142857142 0.05803571428571429 
0 0.0625 0.19866071428571427 0.07142857142857142 0.06696428571428571 
0 0.06473214285714286 0.3236607142857143 0.07589285714285714 0.06696428571428571 
0 0.06919642857142858 0.4575892857142857 0.08482142857142858 0.06696428571428571 
0 0.06919642857142858 0.5669642857142857 0.07589285714285714 0.05357142857142857 
0 0.29910714285714285 0.026785714285714284 0.07142857142857142 0.05357142857142857 
0 0.375 0.07366071428571429 0.07142857142857142 0.05803571428571429 
0 0.31026785714285715 0.12946428571428573 0.06696428571428571 0.0625 
0 0.38169642857142855 0.20089285714285715 0.07589285714285714 0.07142857142857142 
0 0.3013392857142857 0.26785714285714285 0.07589285714285714 0.07142857142857142 
0 0.3794642857142857 0.33482142857142855 0.08035714285714286 0.0625 
0 0.3080357142857143 0.39285714285714285 0.0625 0.0625 
0 0.375 0.453125 0.07142857142857142 0.05803571428571429 
0 0.3013392857142857 0.5178571428571429 0.06696428571428571 0.0625 
0 0.36160714285714285 0.5669642857142857 0.08035714285714286 0.0625 
0 0.30357142857142855 0.6495535714285714 0.07142857142857142 0.07589285714285714 
0 0.37723214285714285 0.703125 0.07589285714285714 0.06696428571428571 
0 0.30580357142857145 0.7589285714285714 0.07589285714285714 0.07142857142857142 
0 0.375 0.8303571428571429 0.08035714285714286 0.07142857142857142 
0 0.3169642857142857 0.8816964285714286 0.07142857142857142 0.05803571428571429 
0 0.375 0.9553571428571429 0.07142857142857142 0.0625 
0 0.6160714285714286 0.8861607142857143 0.08035714285714286 0.07589285714285714 
0 0.6183035714285714 0.7633928571428571 0.07589285714285714 0.08035714285714286 
0 0.6160714285714286 0.6383928571428571 0.08035714285714286 0.07142857142857142 
0 0.6183035714285714 0.5066964285714286 0.07589285714285714 0.07589285714285714 
0 0.6160714285714286 0.3861607142857143 0.07142857142857142 0.08482142857142858 
0 0.6227678571428571 0.25669642857142855 0.07589285714285714 0.05803571428571429 
0 0.6205357142857143 0.13839285714285715 0.08035714285714286 0.08035714285714286 
0 0.6205357142857143 0.024553571428571428 0.08035714285714286 0.049107142857142856 
0 0.8950892857142857 0.7767857142857143 0.05803571428571429 0.044642857142857144 
0 0.9553571428571429 0.8236607142857143 0.0625 0.06696428571428571 
0 0.9553571428571429 0.9308035714285714 0.0625 0.049107142857142856 
0 0.9017857142857143 0.9799107142857143 0.0625 0.04017857142857143 
