0 0.20535714285714285 0.8660714285714286 0.07142857142857142 0.044642857142857144 
0 0.20089285714285715 0.7678571428571429 0.07142857142857142 0.044642857142857144 
0 0.19866071428571427 0.6607142857142857 0.05803571428571429 0.03571428571428571 
0 0.19866071428571427 0.5602678571428571 0.06696428571428571 0.049107142857142856 
0 0.19196428571428573 0.4575892857142857 0.0625 0.049107142857142856 
0 0.19196428571428573 0.35714285714285715 0.0625 0.05357142857142857 
0 0.18080357142857142 0.25669642857142855 0.05803571428571429 0.049107142857142856 
0 0.17857142857142858 0.16071428571428573 0.07142857142857142 0.05357142857142857 
0 0.17410714285714285 0.05803571428571429 0.07142857142857142 0.044642857142857144 
0 0.5245535714285714 0.020089285714285716 0.03125 0.04017857142857143 
0 0.49330357142857145 0.05580357142857143 0.04017857142857143 0.04017857142857143 
0 0.5290178571428571 0.09375 0.04017857142857143 0.044642857142857144 
0 0.4888392857142857 0.12723214285714285 0.049107142857142856 0.04017857142857143 
0 0.5245535714285714 0.16071428571428573 0.04017857142857143 0.044642857142857144 
0 0.4888392857142857 0.19196428571428573 0.049107142857142856 0.044642857142857144 
0 0.5245535714285714 0.22767857142857142 0.03125 0.044642857142857144 
0 0.48660714285714285 0.26339285714285715 0.03571428571428571 0.044642857142857144 
0 0.5200892857142857 0.296875 0.049107142857142856 0.049107142857142856 
0 0.48660714285714285 0.3325892857142857 0.044642857142857144 0.04017857142857143 
0 0.5245535714285714 0.36607142857142855 0.04017857142857143 0.03571428571428571 
0 0.48660714285714285 0.4017857142857143 0.044642857142857144 0.044642857142857144 
0 0.5223214285714286 0.4375 0.044642857142857144 0.044642857142857144 
0 0.484375 0.4732142857142857 0.049107142857142856 0.044642857142857144 
0 0.5223214285714286 0.5066964285714286 0.044642857142857144 0.04017857142857143 
0 0.48214285714285715 0.5401785714285714 0.044642857142857144 0.044642857142857144 
0 0.5200892857142857 0.5758928571428571 0.04017857142857143 0.044642857142857144 
0 0.4732142857142857 0.6071428571428571 0.044642857142857144 0.044642857142857144 
0 0.5133928571428571 0.6495535714285714 0.044642857142857144 0.04017857142857143 
0 0.65625 0.7745535714285714 0.044642857142857144 0.049107142857142856 
0 0.703125 0.7455357142857143 0.04017857142857143 0.044642857142857144 
0 0.6607142857142857 0.7075892857142857 0.044642857142857144 0.049107142857142856 
0 0.703125 0.6785714285714286 0.04017857142857143 0.044642857142857144 
0 0.6651785714285714 0.640625 0.03571428571428571 0.04017857142857143 
0 0.7008928571428571 0.6160714285714286 0.044642857142857144 0.044642857142857144 
0 0.6584821428571429 0.5714285714285714 0.04017857142857143 0.03571428571428571 
0 0.6986607142857143 0.5290178571428571 0.04017857142857143 0.05803571428571429 
0 0.6584821428571429 0.5022321428571429 0.049107142857142856 0.049107142857142856 
0 0.703125 0.46651785714285715 0.04017857142857143 0.049107142857142856 
0 0.6651785714285714 0.43080357142857145 0.044642857142857144 0.049107142857142856 
0 0.7008928571428571 0.39732142857142855 0.044642857142857144 0.044642857142857144 
0 0.6651785714285714 0.35714285714285715 0.044642857142857144 0.044642857142857144 
0 0.7053571428571429 0.3236607142857143 0.044642857142857144 0.049107142857142856 
0 0.6629464285714286 0.29464285714285715 0.049107142857142856 0.05357142857142857 
0 0.7008928571428571 0.25669642857142855 0.03571428571428571 0.04017857142857143 
0 0.6651785714285714 0.22098214285714285 0.05357142857142857 0.049107142857142856 
0 0.7053571428571429 0.18973214285714285 0.044642857142857144 0.04017857142857143 
0 0.6674107142857143 0.15625 0.049107142857142856 0.05357142857142857 
0 0.7075892857142857 0.12053571428571429 0.04017857142857143 0.044642857142857144 
0 0.6696428571428571 0.08705357142857142 0.044642857142857144 0.049107142857142856 
0 0.7075892857142857 0.049107142857142856 0.04017857142857143 0.05357142857142857 
0 0.6696428571428571 0.024553571428571428 0.044642857142857144 0.049107142857142856 
0 0.890625 0.05803571428571429 0.049107142857142856 0.044642857142857144 
0 0.8928571428571429 0.12946428571428573 0.044642857142857144 0.044642857142857144 
0 0.8950892857142857 0.19196428571428573 0.04017857142857143 0.044642857142857144 
0 0.890625 0.265625 0.04017857142857143 0.049107142857142856 
0 0.890625 0.33482142857142855 0.05803571428571429 0.03571428571428571 
0 0.8861607142857143 0.40401785714285715 0.049107142857142856 0.04017857142857143 
0 0.890625 0.47098214285714285 0.04017857142857143 0.04017857142857143 
0 0.8883928571428571 0.5379464285714286 0.044642857142857144 0.049107142857142856 
0 0.890625 0.6160714285714286 0.049107142857142856 0.05357142857142857 
0 0.8839285714285714 0.6785714285714286 0.044642857142857144 0.044642857142857144 
0 0.84375 0.7209821428571429 0.044642857142857144 0.04017857142857143 
0 0.8816964285714286 0.7544642857142857 0.049107142857142856 0.044642857142857144 
0 0.84375 0.7879464285714286 0.044642857142857144 0.049107142857142856 
