0 0.026785714285714284 0.4575892857142857 0.05357142857142857 0.05803571428571429 
0 0.078125 0.5066964285714286 0.06696428571428571 0.05803571428571429 
0 0.08035714285714286 0.40401785714285715 0.0625 0.049107142857142856 
0 0.026785714285714284 0.34375 0.05357142857142857 0.0625 
0 0.08258928571428571 0.3013392857142857 0.05803571428571429 0.049107142857142856 
0 0.029017857142857144 0.24553571428571427 0.05803571428571429 0.05357142857142857 
0 0.08035714285714286 0.1875 0.0625 0.044642857142857144 
0 0.026785714285714284 0.140625 0.05357142857142857 0.049107142857142856 
0 0.078125 0.09151785714285714 0.05803571428571429 0.04017857142857143 
0 0.033482142857142856 0.03571428571428571 0.06696428571428571 0.044642857142857144 
0 0.33035714285714285 0.7053571428571429 0.08035714285714286 0.044642857142857144 
0 0.328125 0.6026785714285714 0.06696428571428571 0.044642857142857144 
0 0.32589285714285715 0.5022321428571429 0.0625 0.05803571428571429 
0 0.32589285714285715 0.4017857142857143 0.0625 0.044642857142857144 
0 0.32142857142857145 0.296875 0.0625 0.049107142857142856 
0 0.3169642857142857 0.20089285714285715 0.0625 0.044642857142857144 
0 0.3169642857142857 0.09151785714285714 0.0625 0.049107142857142856 
0 0.6450892857142857 0.48660714285714285 0.049107142857142856 0.03571428571428571 
0 0.6026785714285714 0.45535714285714285 0.05357142857142857 0.044642857142857144 
0 0.6450892857142857 0.41517857142857145 0.04017857142857143 0.044642857142857144 
0 0.6071428571428571 0.38839285714285715 0.044642857142857144 0.044642857142857144 
0 0.6450892857142857 0.35267857142857145 0.04017857142857143 0.03571428571428571 
0 0.6138392857142857 0.3169642857142857 0.049107142857142856 0.05357142857142857 
0 0.6517857142857143 0.28348214285714285 0.044642857142857144 0.04017857142857143 
0 0.609375 0.24107142857142858 0.04017857142857143 0.05357142857142857 
0 0.6473214285714286 0.21205357142857142 0.044642857142857144 0.04017857142857143 
0 0.6116071428571429 0.17410714285714285 0.044642857142857144 0.044642857142857144 
0 0.6473214285714286 0.13616071428571427 0.03571428571428571 0.04017857142857143 
0 0.609375 0.10267857142857142 0.04017857142857143 0.044642857142857144 
0 0.6495535714285714 0.07366071428571429 0.04017857142857143 0.04017857142857143 
0 0.6205357142857143 0.03571428571428571 0.044642857142857144 0.044642857142857144 
0 0.7879464285714286 0.6272321428571429 0.049107142857142856 0.04017857142857143 
0 0.8258928571428571 0.5892857142857143 0.044642857142857144 0.044642857142857144 
0 0.7834821428571429 0.5535714285714286 0.04017857142857143 0.03571428571428571 
0 0.828125 0.5223214285714286 0.04017857142857143 0.044642857142857144 
0 0.7857142857142857 0.484375 0.044642857142857144 0.04017857142857143 
0 0.8303571428571429 0.44419642857142855 0.044642857142857144 0.04017857142857143 
0 0.7857142857142857 0.41294642857142855 0.05357142857142857 0.049107142857142856 
0 0.828125 0.38169642857142855 0.049107142857142856 0.049107142857142856 
0 0.7879464285714286 0.34598214285714285 0.04017857142857143 0.04017857142857143 
0 0.8303571428571429 0.31026785714285715 0.044642857142857144 0.04017857142857143 
0 0.7946428571428571 0.27455357142857145 0.044642857142857144 0.04017857142857143 
0 0.8303571428571429 0.23883928571428573 0.044642857142857144 0.04017857142857143 
0 0.7924107142857143 0.203125 0.049107142857142856 0.049107142857142856 
0 0.8348214285714286 0.16964285714285715 0.044642857142857144 0.03571428571428571 
0 0.7946428571428571 0.12723214285714285 0.044642857142857144 0.03125 
0 0.8325892857142857 0.09598214285714286 0.049107142857142856 0.03125 
0 0.7991071428571429 0.06919642857142858 0.044642857142857144 0.04017857142857143 
0 0.9709821428571429 0.6294642857142857 0.049107142857142856 0.044642857142857144 
0 0.9732142857142857 0.5625 0.044642857142857144 0.044642857142857144 
