0 0.08035714285714286 0.27901785714285715 0.16071428571428573 0.14732142857142858 
0 0.21205357142857142 0.39285714285714285 0.17410714285714285 0.16964285714285715 
0 0.06919642857142858 0.4955357142857143 0.13839285714285715 0.15178571428571427 
0 0.21428571428571427 0.59375 0.19642857142857142 0.14285714285714285 
0 0.06919642857142858 0.7232142857142857 0.13839285714285715 0.15178571428571427 
0 0.20758928571428573 0.8236607142857143 0.18303571428571427 0.12946428571428573 
0 0.07142857142857142 0.9397321428571429 0.14285714285714285 0.12053571428571429 
0 0.6785714285714286 0.3125 0.1875 0.15178571428571427 
0 0.8392857142857143 0.43080357142857145 0.16964285714285715 0.14732142857142858 
0 0.6629464285714286 0.5379464285714286 0.20089285714285715 0.13839285714285715 
0 0.8303571428571429 0.6473214285714286 0.17857142857142858 0.125 
0 0.6674107142857143 0.7589285714285714 0.20089285714285715 0.15178571428571427 
0 0.8392857142857143 0.8638392857142857 0.17857142857142858 0.13839285714285715 
0 0.6763392857142857 0.9441964285714286 0.20089285714285715 0.11160714285714286 
