0 0.44642857142857145 0.203125 0.17857142857142858 0.12053571428571429 
0 0.2924107142857143 0.28794642857142855 0.12946428571428573 0.10267857142857142 
0 0.29910714285714285 0.484375 0.15178571428571427 0.12946428571428573 
0 0.44419642857142855 0.5714285714285714 0.19196428571428573 0.125 
0 0.29464285714285715 0.6651785714285714 0.15178571428571427 0.09821428571428571 
0 0.45535714285714285 0.75 0.16964285714285715 0.125 
0 0.8370535714285714 0.078125 0.17410714285714285 0.14732142857142858 
0 0.8348214285714286 0.2544642857142857 0.16071428571428573 0.125 
0 0.8415178571428571 0.41517857142857145 0.16517857142857142 0.14285714285714285 
0 0.828125 0.59375 0.15625 0.10714285714285714 
0 0.9486607142857143 0.6785714285714286 0.10267857142857142 0.125 
0 0.8258928571428571 0.7633928571428571 0.16071428571428573 0.125 
0 0.9419642857142857 0.8459821428571429 0.11607142857142858 0.13839285714285715 
0 0.8258928571428571 0.9375 0.16071428571428573 0.125 
