0 0.9129464285714286 0.20982142857142858 0.14732142857142858 0.125 
0 0.9285714285714286 0.4419642857142857 0.14285714285714285 0.13392857142857142 
0 0.9285714285714286 0.6517857142857143 0.13392857142857142 0.14285714285714285 
0 0.9263392857142857 0.8883928571428571 0.13839285714285715 0.13392857142857142 
0 0.38392857142857145 0.10267857142857142 0.15178571428571427 0.11607142857142858 
0 0.26785714285714285 0.20089285714285715 0.14285714285714285 0.125 
0 0.39955357142857145 0.3125 0.13839285714285715 0.10714285714285714 
0 0.26785714285714285 0.4263392857142857 0.16071428571428573 0.12946428571428573 
0 0.40401785714285715 0.5334821428571429 0.14732142857142858 0.14732142857142858 
0 0.265625 0.640625 0.15625 0.13839285714285715 
0 0.2767857142857143 0.875 0.16964285714285715 0.13392857142857142 
0 0.4107142857142857 0.9665178571428571 0.15178571428571427 0.06696428571428571 
