0 0.060267857142857144 0.10714285714285714 0.12053571428571429 0.125 
0 0.060267857142857144 0.328125 0.12053571428571429 0.11160714285714286 
0 0.060267857142857144 0.5535714285714286 0.12053571428571429 0.16071428571428573 
0 0.06696428571428571 0.9575892857142857 0.13392857142857142 0.08482142857142858 
0 0.5915178571428571 0.11607142857142858 0.13839285714285715 0.16071428571428573 
0 0.4575892857142857 0.21875 0.14732142857142858 0.15178571428571427 
0 0.5848214285714286 0.33705357142857145 0.14285714285714285 0.13839285714285715 
0 0.44642857142857145 0.43526785714285715 0.15178571428571427 0.15625 
0 0.5825892857142857 0.5446428571428571 0.14732142857142858 0.125 
0 0.45089285714285715 0.6651785714285714 0.16071428571428573 0.15178571428571427 
0 0.44642857142857145 0.8772321428571429 0.14285714285714285 0.12946428571428573 
0 0.5892857142857143 0.9620535714285714 0.14285714285714285 0.07589285714285714 
0 0.9598214285714286 0.21428571428571427 0.08035714285714286 0.125 
0 0.9508928571428571 0.4375 0.09821428571428571 0.125 
0 0.953125 0.65625 0.09375 0.13392857142857142 
0 0.953125 0.8883928571428571 0.09375 0.14285714285714285 
