0 0.12946428571428573 0.11607142857142858 0.15178571428571427 0.11607142857142858 
0 0.11607142857142858 0.3169642857142857 0.14285714285714285 0.13392857142857142 
0 0.11830357142857142 0.5424107142857143 0.16517857142857142 0.14732142857142858 
0 0.109375 0.7723214285714286 0.13839285714285715 0.125 
0 0.10714285714285714 0.9665178571428571 0.14285714285714285 0.06696428571428571 
0 0.640625 0.11607142857142858 0.14732142857142858 0.14285714285714285 
0 0.5178571428571429 0.22544642857142858 0.13392857142857142 0.12946428571428573 
0 0.6495535714285714 0.33705357142857145 0.12946428571428573 0.12946428571428573 
0 0.53125 0.45535714285714285 0.15178571428571427 0.15178571428571427 
0 0.65625 0.5535714285714286 0.15178571428571427 0.125 
0 0.5290178571428571 0.671875 0.15625 0.12053571428571429 
0 0.6584821428571429 0.7767857142857143 0.13839285714285715 0.125 
0 0.53125 0.8839285714285714 0.16071428571428573 0.125 
0 0.6629464285714286 0.9620535714285714 0.14732142857142858 0.07589285714285714 
