0 0.05803571428571429 0.3950892857142857 0.11607142857142858 0.09375 
0 0.19642857142857142 0.5178571428571429 0.14285714285714285 0.13392857142857142 
0 0.05357142857142857 0.6205357142857143 0.10714285714285714 0.08928571428571429 
0 0.19642857142857142 0.7410714285714286 0.14285714285714285 0.13392857142857142 
0 0.0625 0.859375 0.125 0.08482142857142858 
0 0.19642857142857142 0.9553571428571429 0.14285714285714285 0.08928571428571429 
0 0.7120535714285714 0.8348214285714286 0.12946428571428573 0.14285714285714285 
0 0.7232142857142857 0.6183035714285714 0.13392857142857142 0.15625 
0 0.7165178571428571 0.38839285714285715 0.12053571428571429 0.125 
0 0.734375 0.16071428571428573 0.13839285714285715 0.14285714285714285 
