0 0.359375 0.18973214285714285 0.14732142857142858 0.13839285714285715 
0 0.234375 0.3013392857142857 0.14732142857142858 0.12946428571428573 
0 0.3705357142857143 0.40848214285714285 0.13392857142857142 0.12053571428571429 
0 0.23660714285714285 0.5290178571428571 0.14285714285714285 0.12053571428571429 
0 0.3638392857142857 0.6294642857142857 0.14732142857142858 0.11607142857142858 
0 0.24330357142857142 0.7477678571428571 0.13839285714285715 0.12053571428571429 
0 0.3705357142857143 0.8526785714285714 0.14285714285714285 0.13392857142857142 
0 0.24107142857142858 0.953125 0.125 0.09375 
0 0.8973214285714286 0.19866071428571427 0.14285714285714285 0.12946428571428573 
0 0.7611607142857143 0.30357142857142855 0.13839285714285715 0.09821428571428571 
0 0.8995535714285714 0.4263392857142857 0.13839285714285715 0.12053571428571429 
0 0.7633928571428571 0.5357142857142857 0.14285714285714285 0.125 
0 0.8973214285714286 0.6361607142857143 0.14285714285714285 0.10267857142857142 
0 0.7767857142857143 0.75 0.14285714285714285 0.11607142857142858 
0 0.9017857142857143 0.8504464285714286 0.14285714285714285 0.15625 
0 0.78125 0.953125 0.13392857142857142 0.09375 
