0 0.09598214285714286 0.28794642857142855 0.14732142857142858 0.14732142857142858 
0 0.09598214285714286 0.48214285714285715 0.14732142857142858 0.125 
0 0.09375 0.6495535714285714 0.16071428571428573 0.12053571428571429 
0 0.09375 0.8258928571428571 0.15178571428571427 0.13392857142857142 
0 0.09598214285714286 0.9709821428571429 0.14732142857142858 0.05803571428571429 
0 0.6138392857142857 0.296875 0.15625 0.12946428571428573 
0 0.47544642857142855 0.37723214285714285 0.14732142857142858 0.13839285714285715 
0 0.6183035714285714 0.47098214285714285 0.15625 0.12946428571428573 
0 0.4732142857142857 0.5558035714285714 0.16071428571428573 0.12053571428571429 
0 0.625 0.6495535714285714 0.16071428571428573 0.11160714285714286 
0 0.4732142857142857 0.7299107142857143 0.16071428571428573 0.12053571428571429 
0 0.47544642857142855 0.890625 0.14732142857142858 0.12946428571428573 
0 0.6272321428571429 0.9598214285714286 0.15625 0.08035714285714286 
0 0.953125 0.30357142857142855 0.09375 0.14285714285714285 
