0 0.046875 0.21205357142857142 0.09375 0.10267857142857142 
0 0.044642857142857144 0.43973214285714285 0.08928571428571429 0.12946428571428573 
0 0.04241071428571429 0.6674107142857143 0.08482142857142858 0.12053571428571429 
0 0.43080357142857145 0.20089285714285715 0.13839285714285715 0.125 
0 0.42857142857142855 0.4263392857142857 0.125 0.12946428571428573 
0 0.4263392857142857 0.6428571428571429 0.13839285714285715 0.11607142857142858 
0 0.9196428571428571 0.05803571428571429 0.16071428571428573 0.10714285714285714 
0 0.9174107142857143 0.22544642857142858 0.16517857142857142 0.09375 
0 0.9196428571428571 0.390625 0.16071428571428573 0.07589285714285714 
0 0.9196428571428571 0.5580357142857143 0.16071428571428573 0.10714285714285714 
