0 0.04017857142857143 0.484375 0.08035714285714286 0.10267857142857142 
0 0.04241071428571429 0.6540178571428571 0.08482142857142858 0.12946428571428573 
0 0.044642857142857144 0.8169642857142857 0.08928571428571429 0.13392857142857142 
0 0.140625 0.3950892857142857 0.15625 0.12946428571428573 
0 0.6875 0.37723214285714285 0.15178571428571427 0.13839285714285715 
0 0.5535714285714286 0.47098214285714285 0.13392857142857142 0.13839285714285715 
0 0.5401785714285714 0.6339285714285714 0.14285714285714285 0.10714285714285714 
0 0.6808035714285714 0.7209821428571429 0.17410714285714285 0.12053571428571429 
0 0.5424107142857143 0.7991071428571429 0.14732142857142858 0.11607142857142858 
0 0.6741071428571429 0.890625 0.17857142857142858 0.11160714285714286 
0 0.5379464285714286 0.9665178571428571 0.15625 0.06696428571428571 
