0 0.8147321428571429 0.024553571428571428 0.08482142857142858 0.049107142857142856 
0 0.8772321428571429 0.08035714285714286 0.05803571428571429 0.0625 
0 0.8125 0.140625 0.07142857142857142 0.05803571428571429 
0 0.8816964285714286 0.21205357142857142 0.07589285714285714 0.06696428571428571 
0 0.8169642857142857 0.27901785714285715 0.07142857142857142 0.06696428571428571 
0 0.8816964285714286 0.33482142857142855 0.07589285714285714 0.0625 
0 0.5669642857142857 0.21651785714285715 0.08928571428571429 0.06696428571428571 
0 0.5669642857142857 0.34375 0.08035714285714286 0.07142857142857142 
0 0.5736607142857143 0.4642857142857143 0.07589285714285714 0.08035714285714286 
0 0.5736607142857143 0.5982142857142857 0.07589285714285714 0.0625 
0 0.8102678571428571 0.4017857142857143 0.07589285714285714 0.0625 
0 0.8794642857142857 0.46205357142857145 0.07142857142857142 0.06696428571428571 
0 0.8102678571428571 0.5290178571428571 0.08482142857142858 0.06696428571428571 
0 0.8772321428571429 0.5870535714285714 0.08482142857142858 0.06696428571428571 
0 0.8013392857142857 0.65625 0.08482142857142858 0.07142857142857142 
