0 0.4263392857142857 0.203125 0.13839285714285715 0.14732142857142858 
0 0.30580357142857145 0.31919642857142855 0.12946428571428573 0.12053571428571429 
0 0.421875 0.42857142857142855 0.14732142857142858 0.125 
0 0.296875 0.5401785714285714 0.12946428571428573 0.125 
0 0.43080357142857145 0.6540178571428571 0.13839285714285715 0.11160714285714286 
0 0.3013392857142857 0.7633928571428571 0.13839285714285715 0.125 
0 0.43973214285714285 0.8794642857142857 0.14732142857142858 0.11607142857142858 
0 0.30580357142857145 0.9575892857142857 0.12946428571428573 0.08482142857142858 
0 0.9464285714285714 0.21205357142857142 0.10714285714285714 0.12946428571428573 
0 0.8325892857142857 0.3236607142857143 0.12946428571428573 0.12053571428571429 
0 0.9375 0.44419642857142855 0.125 0.12946428571428573 
0 0.8325892857142857 0.5491071428571429 0.13839285714285715 0.11607142857142858 
0 0.9441964285714286 0.6629464285714286 0.11160714285714286 0.12053571428571429 
0 0.8370535714285714 0.7700892857142857 0.12946428571428573 0.13839285714285715 
0 0.9419642857142857 0.875 0.11607142857142858 0.125 
0 0.84375 0.9665178571428571 0.125 0.06696428571428571 
