0 0.49776785714285715 0.09821428571428571 0.20982142857142858 0.14285714285714285 
0 0.6674107142857143 0.21205357142857142 0.19196428571428573 0.14732142857142858 
0 0.484375 0.31026785714285715 0.20089285714285715 0.13839285714285715 
0 0.6763392857142857 0.421875 0.19196428571428573 0.14732142857142858 
0 0.5 0.53125 0.1875 0.15178571428571427 
0 0.6696428571428571 0.6361607142857143 0.1875 0.17410714285714285 
0 0.06919642857142858 0.14285714285714285 0.13839285714285715 0.09821428571428571 
0 0.07142857142857142 0.296875 0.14285714285714285 0.08482142857142858 
0 0.06919642857142858 0.47098214285714285 0.13839285714285715 0.10267857142857142 
0 0.08258928571428571 0.6651785714285714 0.16517857142857142 0.09821428571428571 
