0 0.953125 0.078125 0.07589285714285714 0.05803571428571429 
0 0.5714285714285714 0.0625 0.07142857142857142 0.08035714285714286 
0 0.5 0.12946428571428573 0.07142857142857142 0.07142857142857142 
0 0.5669642857142857 0.18973214285714285 0.08035714285714286 0.06696428571428571 
0 0.49776785714285715 0.25223214285714285 0.07589285714285714 0.07589285714285714 
0 0.5714285714285714 0.3169642857142857 0.08035714285714286 0.0625 
0 0.49776785714285715 0.38392857142857145 0.07589285714285714 0.07142857142857142 
0 0.5714285714285714 0.453125 0.07142857142857142 0.06696428571428571 
0 0.49330357142857145 0.5066964285714286 0.08482142857142858 0.049107142857142856 
0 0.5714285714285714 0.5714285714285714 0.07142857142857142 0.07142857142857142 
0 0.5022321428571429 0.640625 0.07589285714285714 0.05803571428571429 
0 0.5714285714285714 0.6986607142857143 0.08035714285714286 0.07589285714285714 
0 0.4888392857142857 0.7566964285714286 0.07589285714285714 0.05803571428571429 
0 0.5669642857142857 0.8169642857142857 0.07142857142857142 0.08035714285714286 
0 0.49107142857142855 0.8861607142857143 0.08035714285714286 0.049107142857142856 
0 0.5669642857142857 0.9419642857142857 0.07142857142857142 0.07142857142857142 
0 0.8102678571428571 0.37276785714285715 0.06696428571428571 0.06696428571428571 
0 0.8839285714285714 0.44642857142857145 0.07142857142857142 0.07142857142857142 
0 0.8058035714285714 0.5111607142857143 0.08482142857142858 0.05803571428571429 
0 0.875 0.5691964285714286 0.07142857142857142 0.07589285714285714 
0 0.8102678571428571 0.6316964285714286 0.06696428571428571 0.06696428571428571 
0 0.8816964285714286 0.703125 0.06696428571428571 0.06696428571428571 
0 0.8102678571428571 0.7678571428571429 0.07589285714285714 0.0625 
0 0.8772321428571429 0.8236607142857143 0.08482142857142858 0.05803571428571429 
0 0.8080357142857143 0.8861607142857143 0.0625 0.06696428571428571 
0 0.8816964285714286 0.9620535714285714 0.07589285714285714 0.05803571428571429 
