0 0.45535714285714285 0.7991071428571429 0.07142857142857142 0.07142857142857142 
0 0.5133928571428571 0.7611607142857143 0.05357142857142857 0.07589285714285714 
0 0.515625 0.8459821428571429 0.049107142857142856 0.07589285714285714 
0 0.46205357142857145 0.8883928571428571 0.05803571428571429 0.05357142857142857 
0 0.5133928571428571 0.9330357142857143 0.0625 0.0625 
0 0.453125 0.96875 0.05803571428571429 0.0625 
0 0.6629464285714286 0.5424107142857143 0.05803571428571429 0.06696428571428571 
0 0.7098214285714286 0.49776785714285715 0.05357142857142857 0.06696428571428571 
0 0.7142857142857143 0.5736607142857143 0.0625 0.05803571428571429 
0 0.6674107142857143 0.6205357142857143 0.05803571428571429 0.05357142857142857 
0 0.7165178571428571 0.65625 0.05803571428571429 0.05357142857142857 
0 0.6651785714285714 0.6897321428571429 0.05357142857142857 0.049107142857142856 
0 0.7120535714285714 0.7276785714285714 0.06696428571428571 0.05357142857142857 
0 0.6629464285714286 0.7745535714285714 0.05803571428571429 0.05803571428571429 
0 0.7120535714285714 0.8125 0.05803571428571429 0.05357142857142857 
0 0.6674107142857143 0.8549107142857143 0.05803571428571429 0.049107142857142856 
0 0.7142857142857143 0.8816964285714286 0.05357142857142857 0.049107142857142856 
0 0.6674107142857143 0.9263392857142857 0.05803571428571429 0.05803571428571429 
0 0.7165178571428571 0.9598214285714286 0.05803571428571429 0.07142857142857142 
0 0.9665178571428571 0.4732142857142857 0.06696428571428571 0.07142857142857142 
0 0.96875 0.5736607142857143 0.0625 0.05803571428571429 
0 0.96875 0.6763392857142857 0.0625 0.05803571428571429 
0 0.9665178571428571 0.7723214285714286 0.06696428571428571 0.0625 
0 0.96875 0.8772321428571429 0.0625 0.05803571428571429 
0 0.96875 0.9709821428571429 0.0625 0.05803571428571429 
