0 0.08705357142857142 0.20982142857142858 0.17410714285714285 0.13392857142857142 
0 0.08482142857142858 0.4330357142857143 0.16964285714285715 0.13392857142857142 
0 0.08705357142857142 0.6674107142857143 0.17410714285714285 0.14732142857142858 
0 0.08928571428571429 0.8816964285714286 0.17857142857142858 0.15625 
0 0.703125 0.05357142857142857 0.19196428571428573 0.10714285714285714 
0 0.546875 0.16071428571428573 0.19196428571428573 0.125 
0 0.7053571428571429 0.2700892857142857 0.19642857142857142 0.12946428571428573 
0 0.5424107142857143 0.38392857142857145 0.18303571428571427 0.13392857142857142 
0 0.7098214285714286 0.4799107142857143 0.20535714285714285 0.15625 
0 0.5446428571428571 0.5982142857142857 0.1875 0.14285714285714285 
0 0.703125 0.6986607142857143 0.18303571428571427 0.10267857142857142 
0 0.5334821428571429 0.8080357142857143 0.19196428571428573 0.16071428571428573 
0 0.7098214285714286 0.9308035714285714 0.22321428571428573 0.13839285714285715 
