0 0.08482142857142858 0.34375 0.16964285714285715 0.15178571428571427 
0 0.08928571428571429 0.5558035714285714 0.17857142857142858 0.14732142857142858 
0 0.08482142857142858 0.7633928571428571 0.16964285714285715 0.11607142857142858 
0 0.08705357142857142 0.9598214285714286 0.17410714285714285 0.08035714285714286 
0 0.5625 0.27901785714285715 0.19642857142857142 0.14732142857142858 
0 0.7120535714285714 0.39285714285714285 0.17410714285714285 0.16964285714285715 
0 0.5446428571428571 0.4955357142857143 0.1875 0.15178571428571427 
0 0.7142857142857143 0.59375 0.19642857142857142 0.14285714285714285 
0 0.5446428571428571 0.7232142857142857 0.1875 0.15178571428571427 
0 0.7075892857142857 0.8236607142857143 0.18303571428571427 0.12946428571428573 
0 0.5446428571428571 0.9397321428571429 0.19642857142857142 0.12053571428571429 
