0 0.05357142857142857 0.5223214285714286 0.08035714285714286 0.08928571428571429 
0 0.05580357142857143 0.6227678571428571 0.07589285714285714 0.07589285714285714 
0 0.05133928571428571 0.7232142857142857 0.07589285714285714 0.07142857142857142 
0 0.04241071428571429 0.8191964285714286 0.07589285714285714 0.07589285714285714 
0 0.046875 0.9285714285714286 0.08482142857142858 0.07142857142857142 
0 0.30580357142857145 0.4263392857142857 0.07589285714285714 0.07589285714285714 
0 0.23660714285714285 0.47767857142857145 0.08035714285714286 0.07142857142857142 
0 0.23660714285714285 0.5825892857142857 0.08035714285714286 0.06696428571428571 
0 0.3013392857142857 0.6272321428571429 0.07589285714285714 0.08482142857142858 
0 0.22991071428571427 0.6808035714285714 0.07589285714285714 0.05803571428571429 
0 0.3013392857142857 0.7254464285714286 0.07589285714285714 0.06696428571428571 
0 0.22767857142857142 0.78125 0.08928571428571429 0.0625 
0 0.30580357142857145 0.8370535714285714 0.06696428571428571 0.06696428571428571 
0 0.22321428571428573 0.8816964285714286 0.09821428571428571 0.06696428571428571 
0 0.3013392857142857 0.9263392857142857 0.07589285714285714 0.06696428571428571 
0 0.22321428571428573 0.96875 0.08928571428571429 0.0625 
0 0.5669642857142857 0.27455357142857145 0.08035714285714286 0.07589285714285714 
0 0.5 0.3236607142857143 0.08035714285714286 0.05803571428571429 
0 0.5647321428571429 0.37276785714285715 0.08482142857142858 0.05803571428571429 
0 0.5044642857142857 0.4375 0.08035714285714286 0.0625 
0 0.5714285714285714 0.4799107142857143 0.08928571428571429 0.06696428571428571 
0 0.49330357142857145 0.5357142857142857 0.08482142857142858 0.0625 
0 0.5625 0.5714285714285714 0.08035714285714286 0.07142857142857142 
0 0.4955357142857143 0.6205357142857143 0.08928571428571429 0.05357142857142857 
0 0.5558035714285714 0.6696428571428571 0.07589285714285714 0.0625 
0 0.48660714285714285 0.7276785714285714 0.08928571428571429 0.05357142857142857 
0 0.5580357142857143 0.7767857142857143 0.07142857142857142 0.05357142857142857 
0 0.49107142857142855 0.8325892857142857 0.08035714285714286 0.07589285714285714 
0 0.5625 0.8794642857142857 0.07142857142857142 0.0625 
0 0.48660714285714285 0.9308035714285714 0.08035714285714286 0.05803571428571429 
0 0.5558035714285714 0.9709821428571429 0.07589285714285714 0.05803571428571429 
0 0.7455357142857143 0.9754464285714286 0.08928571428571429 0.049107142857142856 
0 0.8191964285714286 0.9241071428571429 0.08482142857142858 0.07142857142857142 
0 0.7544642857142857 0.8950892857142857 0.08035714285714286 0.05803571428571429 
0 0.8169642857142857 0.828125 0.07142857142857142 0.05803571428571429 
0 0.8258928571428571 0.7254464285714286 0.07142857142857142 0.07589285714285714 
0 0.7633928571428571 0.6741071428571429 0.07142857142857142 0.0625 
0 0.8236607142857143 0.6294642857142857 0.08482142857142858 0.07142857142857142 
0 0.7611607142857143 0.5848214285714286 0.07589285714285714 0.07142857142857142 
0 0.8236607142857143 0.5334821428571429 0.08482142857142858 0.06696428571428571 
0 0.7589285714285714 0.4888392857142857 0.08035714285714286 0.06696428571428571 
0 0.7589285714285714 0.3794642857142857 0.08035714285714286 0.05357142857142857 
0 0.8325892857142857 0.33482142857142855 0.08482142857142858 0.0625 
0 0.7678571428571429 0.2767857142857143 0.08928571428571429 0.0625 
