0 0.033482142857142856 0.033482142857142856 0.06696428571428571 0.06696428571428571 
0 0.03125 0.12723214285714285 0.0625 0.07589285714285714 
0 0.2767857142857143 0.03125 0.08035714285714286 0.0625 
0 0.19866071428571427 0.08258928571428571 0.08482142857142858 0.05803571428571429 
0 0.21205357142857142 0.18526785714285715 0.09375 0.05803571428571429 
0 0.2767857142857143 0.23214285714285715 0.08928571428571429 0.0625 
0 0.20089285714285715 0.28348214285714285 0.07142857142857142 0.05803571428571429 
0 0.26785714285714285 0.32589285714285715 0.09821428571428571 0.08928571428571429 
0 0.47098214285714285 0.026785714285714284 0.08482142857142858 0.05357142857142857 
0 0.5357142857142857 0.08035714285714286 0.08035714285714286 0.05357142857142857 
0 0.4642857142857143 0.12946428571428573 0.08035714285714286 0.05357142857142857 
0 0.5267857142857143 0.17410714285714285 0.08035714285714286 0.0625 
0 0.46651785714285715 0.22991071428571427 0.08482142857142858 0.049107142857142856 
0 0.5334821428571429 0.27232142857142855 0.07589285714285714 0.0625 
0 0.4575892857142857 0.33482142857142855 0.07589285714285714 0.0625 
0 0.5267857142857143 0.3861607142857143 0.08035714285714286 0.05803571428571429 
0 0.46205357142857145 0.4419642857142857 0.08482142857142858 0.0625 
0 0.53125 0.4955357142857143 0.08035714285714286 0.08035714285714286 
0 0.5223214285714286 0.5848214285714286 0.08928571428571429 0.07142857142857142 
0 0.4575892857142857 0.5357142857142857 0.08482142857142858 0.0625 
0 0.71875 0.5915178571428571 0.08035714285714286 0.07589285714285714 
0 0.7834821428571429 0.5446428571428571 0.09375 0.08035714285714286 
0 0.7232142857142857 0.49776785714285715 0.08928571428571429 0.07589285714285714 
0 0.78125 0.43526785714285715 0.08928571428571429 0.08482142857142858 
0 0.71875 0.3861607142857143 0.08035714285714286 0.06696428571428571 
0 0.78125 0.3325892857142857 0.08928571428571429 0.06696428571428571 
0 0.71875 0.28125 0.08928571428571429 0.07142857142857142 
0 0.78125 0.22767857142857142 0.08928571428571429 0.08928571428571429 
0 0.7276785714285714 0.1875 0.08928571428571429 0.07142857142857142 
0 0.7790178571428571 0.13169642857142858 0.10267857142857142 0.07589285714285714 
0 0.7232142857142857 0.08258928571428571 0.08928571428571429 0.08482142857142858 
0 0.7879464285714286 0.033482142857142856 0.09375 0.06696428571428571 
0 0.9776785714285714 0.42410714285714285 0.044642857142857144 0.07142857142857142 
0 0.9709821428571429 0.7589285714285714 0.05803571428571429 0.0625 
0 0.11383928571428571 0.875 0.07589285714285714 0.07142857142857142 
0 0.11383928571428571 0.7522321428571429 0.07589285714285714 0.07589285714285714 
0 0.12276785714285714 0.6294642857142857 0.07589285714285714 0.07142857142857142 
