0 0.6897321428571429 0.4330357142857143 0.07589285714285714 0.05357142857142857 
0 0.6964285714285714 0.3080357142857143 0.08035714285714286 0.07142857142857142 
0 0.6986607142857143 0.18080357142857142 0.07589285714285714 0.06696428571428571 
0 0.6941964285714286 0.05133928571428571 0.07589285714285714 0.05803571428571429 
0 0.9308035714285714 0.4955357142857143 0.08482142857142858 0.09821428571428571 
0 0.9799107142857143 0.4263392857142857 0.04017857142857143 0.07589285714285714 
0 0.9352678571428571 0.37276785714285715 0.07589285714285714 0.08482142857142858 
0 0.9799107142857143 0.30580357142857145 0.04017857142857143 0.07589285714285714 
0 0.9352678571428571 0.24330357142857142 0.06696428571428571 0.07589285714285714 
0 0.9799107142857143 0.17633928571428573 0.04017857142857143 0.07589285714285714 
0 0.9419642857142857 0.10714285714285714 0.07142857142857142 0.0625 
