0 0.23660714285714285 0.09375 0.16071428571428573 0.11607142857142858 
0 0.23660714285714285 0.2611607142857143 0.16071428571428573 0.12053571428571429 
0 0.22991071428571427 0.4330357142857143 0.16517857142857142 0.09821428571428571 
0 0.23660714285714285 0.6004464285714286 0.15178571428571427 0.12053571428571429 
0 0.23214285714285715 0.7745535714285714 0.16071428571428573 0.10267857142857142 
0 0.234375 0.9352678571428571 0.16517857142857142 0.12946428571428573 
0 0.39732142857142855 0.5178571428571429 0.1875 0.11607142857142858 
0 0.39285714285714285 0.6830357142857143 0.19642857142857142 0.11607142857142858 
0 0.9285714285714286 0.203125 0.14285714285714285 0.12053571428571429 
0 0.7924107142857143 0.28794642857142855 0.12946428571428573 0.10267857142857142 
0 0.7991071428571429 0.484375 0.15178571428571427 0.12946428571428573 
0 0.9241071428571429 0.5714285714285714 0.15178571428571427 0.125 
0 0.7946428571428571 0.6651785714285714 0.15178571428571427 0.09821428571428571 
0 0.9352678571428571 0.75 0.12946428571428573 0.125 
