0 0.04241071428571429 0.28348214285714285 0.08482142857142858 0.15625 
0 0.04241071428571429 0.4955357142857143 0.08482142857142858 0.11607142857142858 
0 0.046875 0.7120535714285714 0.09375 0.10267857142857142 
0 0.044642857142857144 0.9375 0.08928571428571429 0.125 
0 0.421875 0.044642857142857144 0.15625 0.08928571428571429 
0 0.421875 0.265625 0.15625 0.12053571428571429 
0 0.421875 0.4799107142857143 0.13839285714285715 0.14732142857142858 
0 0.43080357142857145 0.7008928571428571 0.13839285714285715 0.125 
0 0.42857142857142855 0.9263392857142857 0.125 0.12946428571428573 
0 0.9084821428571429 0.05803571428571429 0.18303571428571427 0.11607142857142858 
0 0.9129464285714286 0.24330357142857142 0.17410714285714285 0.08482142857142858 
0 0.9174107142857143 0.3950892857142857 0.16517857142857142 0.09375 
0 0.9196428571428571 0.5580357142857143 0.16071428571428573 0.10714285714285714 
0 0.9174107142857143 0.7254464285714286 0.16517857142857142 0.09375 
0 0.9196428571428571 0.890625 0.16071428571428573 0.07589285714285714 
