0 0.12053571428571429 0.08705357142857142 0.24107142857142858 0.17410714285714285 
0 0.11830357142857142 0.3705357142857143 0.23660714285714285 0.21428571428571427 
0 0.12053571428571429 0.6808035714285714 0.21428571428571427 0.22767857142857142 
0 0.11160714285714286 0.9241071428571429 0.21428571428571427 0.15178571428571427 
0 0.33705357142857145 0.22098214285714285 0.23660714285714285 0.22767857142857142 
0 0.3325892857142857 0.5223214285714286 0.24553571428571427 0.22321428571428573 
0 0.33482142857142855 0.8571428571428571 0.25 0.25892857142857145 
0 0.8950892857142857 0.10267857142857142 0.20982142857142858 0.20535714285714285 
0 0.8928571428571429 0.3950892857142857 0.21428571428571427 0.22767857142857142 
0 0.890625 0.6964285714285714 0.21875 0.24107142857142858 
0 0.8839285714285714 0.9308035714285714 0.22321428571428573 0.13839285714285715 
