0 0.6629464285714286 0.05803571428571429 0.18303571428571427 0.11607142857142858 
0 0.4888392857142857 0.15401785714285715 0.20089285714285715 0.15625 
0 0.6674107142857143 0.2700892857142857 0.18303571428571427 0.15625 
0 0.4888392857142857 0.36830357142857145 0.20089285714285715 0.16517857142857142 
0 0.6741071428571429 0.48214285714285715 0.20535714285714285 0.14285714285714285 
0 0.49776785714285715 0.5982142857142857 0.20982142857142858 0.14285714285714285 
0 0.6674107142857143 0.7120535714285714 0.19196428571428573 0.14732142857142858 
0 0.484375 0.8102678571428571 0.20089285714285715 0.13839285714285715 
0 0.6763392857142857 0.921875 0.19196428571428573 0.14732142857142858 
0 0.0625 0.16294642857142858 0.125 0.08482142857142858 
0 0.06919642857142858 0.3125 0.13839285714285715 0.08928571428571429 
0 0.06919642857142858 0.48660714285714285 0.13839285714285715 0.09821428571428571 
0 0.06919642857142858 0.6428571428571429 0.13839285714285715 0.09821428571428571 
0 0.07142857142857142 0.796875 0.14285714285714285 0.08482142857142858 
0 0.06919642857142858 0.9598214285714286 0.13839285714285715 0.08035714285714286 
