0 0.04241071428571429 0.15401785714285715 0.08482142857142858 0.12946428571428573 
0 0.044642857142857144 0.3169642857142857 0.08928571428571429 0.13392857142857142 
0 0.04241071428571429 0.4955357142857143 0.08482142857142858 0.14285714285714285 
0 0.046875 0.6651785714285714 0.09375 0.13392857142857142 
0 0.046875 0.8214285714285714 0.09375 0.13392857142857142 
0 0.5401785714285714 0.13392857142857142 0.14285714285714285 0.10714285714285714 
0 0.6808035714285714 0.22098214285714285 0.17410714285714285 0.12053571428571429 
0 0.5424107142857143 0.29910714285714285 0.14732142857142858 0.11607142857142858 
0 0.6741071428571429 0.390625 0.17857142857142858 0.11160714285714286 
0 0.5379464285714286 0.484375 0.15625 0.10267857142857142 
0 0.6852678571428571 0.5625 0.16517857142857142 0.125 
0 0.5401785714285714 0.6383928571428571 0.16071428571428573 0.10714285714285714 
0 0.6852678571428571 0.7299107142857143 0.16517857142857142 0.12946428571428573 
0 0.5424107142857143 0.8147321428571429 0.15625 0.12946428571428573 
0 0.6875 0.8995535714285714 0.15178571428571427 0.11160714285714286 
