0 0.48660714285714285 0.024553571428571428 0.08928571428571429 0.049107142857142856 
0 0.5691964285714286 0.06696428571428571 0.07589285714285714 0.05357142857142857 
0 0.8013392857142857 0.024553571428571428 0.06696428571428571 0.049107142857142856 
0 0.8616071428571429 0.06696428571428571 0.08035714285714286 0.0625 
0 0.8035714285714286 0.14955357142857142 0.07142857142857142 0.07589285714285714 
0 0.8772321428571429 0.203125 0.07589285714285714 0.06696428571428571 
0 0.8058035714285714 0.25892857142857145 0.07589285714285714 0.07142857142857142 
0 0.875 0.33035714285714285 0.08035714285714286 0.07142857142857142 
0 0.8169642857142857 0.38169642857142855 0.07142857142857142 0.05803571428571429 
0 0.875 0.45535714285714285 0.07142857142857142 0.0625 
0 0.8147321428571429 0.515625 0.08482142857142858 0.06696428571428571 
0 0.8772321428571429 0.5803571428571429 0.05803571428571429 0.0625 
0 0.8125 0.640625 0.07142857142857142 0.05803571428571429 
0 0.8816964285714286 0.7120535714285714 0.07589285714285714 0.06696428571428571 
0 0.8169642857142857 0.7790178571428571 0.07142857142857142 0.06696428571428571 
0 0.8816964285714286 0.8348214285714286 0.07589285714285714 0.0625 
0 0.5669642857142857 0.7165178571428571 0.08928571428571429 0.06696428571428571 
0 0.5669642857142857 0.84375 0.08035714285714286 0.07142857142857142 
0 0.5736607142857143 0.9620535714285714 0.07589285714285714 0.07589285714285714 
0 0.8102678571428571 0.9017857142857143 0.07589285714285714 0.0625 
0 0.8794642857142857 0.9620535714285714 0.07142857142857142 0.06696428571428571 
