0 0.49330357142857145 0.015625 0.08482142857142858 0.03125 
0 0.5714285714285714 0.07142857142857142 0.07142857142857142 0.07142857142857142 
0 0.5022321428571429 0.140625 0.07589285714285714 0.05803571428571429 
0 0.5714285714285714 0.19866071428571427 0.08035714285714286 0.07589285714285714 
0 0.4888392857142857 0.25669642857142855 0.07589285714285714 0.05803571428571429 
0 0.5669642857142857 0.3169642857142857 0.07142857142857142 0.08035714285714286 
0 0.49107142857142855 0.3861607142857143 0.08035714285714286 0.049107142857142856 
0 0.5669642857142857 0.4419642857142857 0.07142857142857142 0.07142857142857142 
0 0.49330357142857145 0.5111607142857143 0.07589285714285714 0.06696428571428571 
0 0.5669642857142857 0.5736607142857143 0.07142857142857142 0.05803571428571429 
0 0.4888392857142857 0.640625 0.08482142857142858 0.05803571428571429 
0 0.5625 0.6986607142857143 0.07142857142857142 0.06696428571428571 
0 0.49107142857142855 0.7544642857142857 0.08928571428571429 0.07142857142857142 
0 0.5647321428571429 0.8236607142857143 0.07589285714285714 0.06696428571428571 
0 0.48660714285714285 0.8928571428571429 0.08035714285714286 0.05357142857142857 
0 0.5691964285714286 0.9575892857142857 0.08482142857142858 0.06696428571428571 
0 0.8058035714285714 0.020089285714285716 0.08482142857142858 0.04017857142857143 
0 0.875 0.06919642857142858 0.07142857142857142 0.07589285714285714 
0 0.8102678571428571 0.13169642857142858 0.06696428571428571 0.06696428571428571 
0 0.8816964285714286 0.203125 0.06696428571428571 0.06696428571428571 
0 0.8102678571428571 0.26785714285714285 0.07589285714285714 0.0625 
0 0.8772321428571429 0.3236607142857143 0.08482142857142858 0.05803571428571429 
0 0.8080357142857143 0.3861607142857143 0.0625 0.06696428571428571 
0 0.8816964285714286 0.46205357142857145 0.07589285714285714 0.05803571428571429 
0 0.7991071428571429 0.5223214285714286 0.07142857142857142 0.0625 
0 0.875 0.5736607142857143 0.07142857142857142 0.05803571428571429 
0 0.8102678571428571 0.6294642857142857 0.06696428571428571 0.0625 
0 0.8816964285714286 0.7008928571428571 0.07589285714285714 0.07142857142857142 
0 0.8013392857142857 0.7678571428571429 0.07589285714285714 0.07142857142857142 
0 0.8794642857142857 0.8348214285714286 0.08035714285714286 0.0625 
0 0.8080357142857143 0.8928571428571429 0.0625 0.0625 
0 0.875 0.953125 0.07142857142857142 0.05803571428571429 
