0 0.453125 0.017857142857142856 0.05803571428571429 0.03571428571428571 
0 0.4575892857142857 0.0625 0.04017857142857143 0.05357142857142857 
0 0.5066964285714286 0.04017857142857143 0.049107142857142856 0.05357142857142857 
0 0.7098214285714286 0.017857142857142856 0.05357142857142857 0.03571428571428571 
0 0.6651785714285714 0.05133928571428571 0.05357142857142857 0.05803571428571429 
0 0.7075892857142857 0.08258928571428571 0.06696428571428571 0.06696428571428571 
0 0.6651785714285714 0.12276785714285714 0.0625 0.05803571428571429 
0 0.7120535714285714 0.16071428571428573 0.05803571428571429 0.0625 
0 0.6629464285714286 0.21205357142857142 0.05803571428571429 0.05803571428571429 
0 0.7142857142857143 0.24330357142857142 0.0625 0.06696428571428571 
0 0.9575892857142857 0.07366071428571429 0.08482142857142858 0.05803571428571429 
0 0.9598214285714286 0.17857142857142858 0.08035714285714286 0.0625 
0 0.9598214285714286 0.27232142857142855 0.08035714285714286 0.07142857142857142 
0 0.953125 0.3794642857142857 0.08482142857142858 0.0625 
0 0.9508928571428571 0.4799107142857143 0.08928571428571429 0.05803571428571429 
0 0.953125 0.578125 0.07589285714285714 0.05803571428571429 
0 0.5714285714285714 0.5625 0.07142857142857142 0.08035714285714286 
0 0.5 0.6294642857142857 0.07142857142857142 0.07142857142857142 
0 0.5669642857142857 0.6897321428571429 0.08035714285714286 0.06696428571428571 
0 0.49776785714285715 0.7522321428571429 0.07589285714285714 0.07589285714285714 
0 0.5714285714285714 0.8169642857142857 0.08035714285714286 0.0625 
0 0.49776785714285715 0.8839285714285714 0.07589285714285714 0.07142857142857142 
0 0.5714285714285714 0.953125 0.07142857142857142 0.06696428571428571 
0 0.8102678571428571 0.8727678571428571 0.06696428571428571 0.06696428571428571 
0 0.8839285714285714 0.9464285714285714 0.07142857142857142 0.07142857142857142 
