0 0.03571428571428571 0.029017857142857144 0.07142857142857142 0.05803571428571429 
0 0.03571428571428571 0.13392857142857142 0.07142857142857142 0.07142857142857142 
0 0.03125 0.21651785714285715 0.0625 0.06696428571428571 
0 0.033482142857142856 0.31919642857142855 0.06696428571428571 0.06696428571428571 
0 0.033482142857142856 0.4263392857142857 0.06696428571428571 0.07589285714285714 
0 0.033482142857142856 0.5245535714285714 0.06696428571428571 0.08482142857142858 
0 0.03125 0.6272321428571429 0.0625 0.07589285714285714 
0 0.29017857142857145 0.03125 0.07142857142857142 0.0625 
0 0.21205357142857142 0.08258928571428571 0.08482142857142858 0.049107142857142856 
0 0.28348214285714285 0.12946428571428573 0.08482142857142858 0.0625 
0 0.20982142857142858 0.18080357142857142 0.08035714285714286 0.049107142857142856 
0 0.28348214285714285 0.23214285714285715 0.08482142857142858 0.07142857142857142 
0 0.21651785714285715 0.28125 0.09375 0.05357142857142857 
0 0.28125 0.3236607142857143 0.08035714285714286 0.07589285714285714 
0 0.20982142857142858 0.38392857142857145 0.08035714285714286 0.0625 
0 0.27455357142857145 0.43080357142857145 0.08482142857142858 0.06696428571428571 
0 0.20758928571428573 0.47767857142857145 0.07589285714285714 0.05357142857142857 
0 0.2767857142857143 0.53125 0.08035714285714286 0.0625 
0 0.19866071428571427 0.5825892857142857 0.08482142857142858 0.05803571428571429 
0 0.21205357142857142 0.6852678571428571 0.09375 0.05803571428571429 
0 0.2767857142857143 0.7321428571428571 0.08928571428571429 0.0625 
0 0.20089285714285715 0.7834821428571429 0.07142857142857142 0.05803571428571429 
0 0.26785714285714285 0.8258928571428571 0.09821428571428571 0.08928571428571429 
0 0.47767857142857145 0.03571428571428571 0.07142857142857142 0.05357142857142857 
0 0.5424107142857143 0.08258928571428571 0.07589285714285714 0.06696428571428571 
0 0.48214285714285715 0.13392857142857142 0.08928571428571429 0.0625 
0 0.5446428571428571 0.1875 0.08035714285714286 0.07142857142857142 
0 0.47098214285714285 0.22544642857142858 0.07589285714285714 0.05803571428571429 
0 0.5334821428571429 0.2767857142857143 0.08482142857142858 0.0625 
0 0.47098214285714285 0.32589285714285715 0.07589285714285714 0.05357142857142857 
0 0.5379464285714286 0.375 0.08482142857142858 0.0625 
0 0.46651785714285715 0.42857142857142855 0.08482142857142858 0.07142857142857142 
0 0.5401785714285714 0.484375 0.08928571428571429 0.06696428571428571 
0 0.47098214285714285 0.5223214285714286 0.08482142857142858 0.0625 
0 0.5357142857142857 0.5803571428571429 0.08035714285714286 0.05357142857142857 
0 0.4642857142857143 0.6294642857142857 0.08035714285714286 0.05357142857142857 
0 0.5267857142857143 0.6741071428571429 0.08035714285714286 0.0625 
0 0.46651785714285715 0.7299107142857143 0.08482142857142858 0.049107142857142856 
0 0.5334821428571429 0.7723214285714286 0.07589285714285714 0.0625 
0 0.4575892857142857 0.8348214285714286 0.07589285714285714 0.0625 
0 0.5267857142857143 0.8861607142857143 0.08035714285714286 0.05803571428571429 
0 0.46205357142857145 0.9419642857142857 0.08482142857142858 0.0625 
0 0.53125 0.9776785714285714 0.08035714285714286 0.044642857142857144 
0 0.7232142857142857 0.9799107142857143 0.08928571428571429 0.04017857142857143 
0 0.78125 0.9352678571428571 0.08928571428571429 0.08482142857142858 
0 0.71875 0.8861607142857143 0.08035714285714286 0.06696428571428571 
0 0.78125 0.8325892857142857 0.08928571428571429 0.06696428571428571 
0 0.71875 0.78125 0.08928571428571429 0.07142857142857142 
0 0.78125 0.7276785714285714 0.08928571428571429 0.08928571428571429 
0 0.7276785714285714 0.6875 0.08928571428571429 0.07142857142857142 
0 0.7790178571428571 0.6316964285714286 0.10267857142857142 0.07589285714285714 
0 0.7232142857142857 0.5825892857142857 0.08928571428571429 0.08482142857142858 
0 0.7879464285714286 0.5334821428571429 0.09375 0.06696428571428571 
0 0.7366071428571429 0.47544642857142855 0.08928571428571429 0.08482142857142858 
0 0.734375 0.38839285714285715 0.08482142857142858 0.07142857142857142 
0 0.7366071428571429 0.2924107142857143 0.08035714285714286 0.07589285714285714 
0 0.7299107142857143 0.17857142857142858 0.07589285714285714 0.0625 
0 0.8035714285714286 0.029017857142857144 0.07142857142857142 0.05803571428571429 
0 0.9776785714285714 0.9241071428571429 0.044642857142857144 0.07142857142857142 
