0 0.11160714285714286 0.14732142857142858 0.08035714285714286 0.08035714285714286 
0 0.11607142857142858 0.029017857142857144 0.08035714285714286 0.05803571428571429 
0 0.3950892857142857 0.022321428571428572 0.06696428571428571 0.044642857142857144 
0 0.453125 0.06473214285714286 0.05803571428571429 0.05803571428571429 
0 0.390625 0.11830357142857142 0.07589285714285714 0.049107142857142856 
0 0.4575892857142857 0.16294642857142858 0.05803571428571429 0.05803571428571429 
0 0.7053571428571429 0.36607142857142855 0.07142857142857142 0.044642857142857144 
0 0.7008928571428571 0.26785714285714285 0.07142857142857142 0.044642857142857144 
0 0.6986607142857143 0.16071428571428573 0.05803571428571429 0.03571428571428571 
0 0.6986607142857143 0.060267857142857144 0.06696428571428571 0.049107142857142856 
0 0.9799107142857143 0.04017857142857143 0.04017857142857143 0.044642857142857144 
0 0.9732142857142857 0.10714285714285714 0.044642857142857144 0.044642857142857144 
0 0.65625 0.9508928571428571 0.20535714285714285 0.09821428571428571 
