0 0.24107142857142858 0.06919642857142858 0.16964285714285715 0.12946428571428573 
0 0.23214285714285715 0.25 0.1875 0.11607142857142858 
0 0.23214285714285715 0.41964285714285715 0.16071428571428573 0.125 
0 0.23660714285714285 0.59375 0.16071428571428573 0.11607142857142858 
0 0.23660714285714285 0.7611607142857143 0.16071428571428573 0.12053571428571429 
0 0.22991071428571427 0.9330357142857143 0.16517857142857142 0.09821428571428571 
0 0.8080357142857143 0.09375 0.16071428571428573 0.14285714285714285 
0 0.8058035714285714 0.265625 0.15625 0.12946428571428573 
0 0.7946428571428571 0.44419642857142855 0.15178571428571427 0.13839285714285715 
0 0.9285714285714286 0.703125 0.14285714285714285 0.12053571428571429 
0 0.7924107142857143 0.7879464285714286 0.12946428571428573 0.10267857142857142 
0 0.7991071428571429 0.9598214285714286 0.15178571428571427 0.08035714285714286 
