0 0.11160714285714286 0.8950892857142857 0.08035714285714286 0.07589285714285714 
0 0.11607142857142858 0.7633928571428571 0.08035714285714286 0.08035714285714286 
0 0.11830357142857142 0.640625 0.07589285714285714 0.07589285714285714 
0 0.11383928571428571 0.5111607142857143 0.08482142857142858 0.08482142857142858 
0 0.11607142857142858 0.3861607142857143 0.08035714285714286 0.07589285714285714 
0 0.11830357142857142 0.26339285714285715 0.07589285714285714 0.08035714285714286 
0 0.11607142857142858 0.13839285714285715 0.08035714285714286 0.07142857142857142 
0 0.11830357142857142 0.022321428571428572 0.07589285714285714 0.044642857142857144 
0 0.3950892857142857 0.2767857142857143 0.05803571428571429 0.044642857142857144 
0 0.45535714285714285 0.3236607142857143 0.0625 0.06696428571428571 
0 0.45535714285714285 0.43080357142857145 0.0625 0.049107142857142856 
0 0.4017857142857143 0.484375 0.0625 0.049107142857142856 
0 0.4642857142857143 0.5401785714285714 0.0625 0.05357142857142857 
0 0.39285714285714285 0.5870535714285714 0.0625 0.049107142857142856 
0 0.453125 0.6383928571428571 0.05803571428571429 0.044642857142857144 
0 0.39732142857142855 0.6919642857142857 0.0625 0.05357142857142857 
0 0.4575892857142857 0.7455357142857143 0.05803571428571429 0.05357142857142857 
0 0.3950892857142857 0.8035714285714286 0.05803571428571429 0.05357142857142857 
0 0.453125 0.8549107142857143 0.05803571428571429 0.049107142857142856 
0 0.3950892857142857 0.9040178571428571 0.06696428571428571 0.05803571428571429 
0 0.4575892857142857 0.9598214285714286 0.05803571428571429 0.044642857142857144 
0 0.6919642857142857 0.9575892857142857 0.0625 0.049107142857142856 
0 0.6919642857142857 0.8571428571428571 0.0625 0.05357142857142857 
0 0.6808035714285714 0.7566964285714286 0.05803571428571429 0.049107142857142856 
0 0.6785714285714286 0.6607142857142857 0.07142857142857142 0.05357142857142857 
0 0.6741071428571429 0.5580357142857143 0.07142857142857142 0.044642857142857144 
0 0.6696428571428571 0.4486607142857143 0.0625 0.049107142857142856 
0 0.6629464285714286 0.34375 0.05803571428571429 0.044642857142857144 
0 0.6584821428571429 0.24330357142857142 0.05803571428571429 0.05803571428571429 
0 0.6629464285714286 0.13839285714285715 0.05803571428571429 0.03571428571428571 
0 0.6473214285714286 0.033482142857142856 0.0625 0.06696428571428571 
0 0.9866071428571429 0.19866071428571427 0.026785714285714284 0.049107142857142856 
0 0.9888392857142857 0.27455357142857145 0.022321428571428572 0.04017857142857143 
0 0.9888392857142857 0.34375 0.022321428571428572 0.03571428571428571 
0 0.9866071428571429 0.41517857142857145 0.026785714285714284 0.03571428571428571 
0 0.9821428571428571 0.48214285714285715 0.03571428571428571 0.044642857142857144 
0 0.9866071428571429 0.5558035714285714 0.026785714285714284 0.04017857142857143 
0 0.9821428571428571 0.6272321428571429 0.03571428571428571 0.04017857142857143 
0 0.9821428571428571 0.6919642857142857 0.03571428571428571 0.044642857142857144 
0 0.984375 0.7633928571428571 0.03125 0.044642857142857144 
0 0.9821428571428571 0.8325892857142857 0.03571428571428571 0.04017857142857143 
0 0.9821428571428571 0.9017857142857143 0.03571428571428571 0.044642857142857144 
0 0.9799107142857143 0.9732142857142857 0.04017857142857143 0.044642857142857144 
