0 0.05357142857142857 0.033482142857142856 0.08035714285714286 0.06696428571428571 
0 0.05580357142857143 0.12276785714285714 0.07589285714285714 0.07589285714285714 
0 0.05133928571428571 0.22321428571428573 0.07589285714285714 0.07142857142857142 
0 0.04241071428571429 0.31919642857142855 0.07589285714285714 0.07589285714285714 
0 0.046875 0.42857142857142855 0.08482142857142858 0.07142857142857142 
0 0.049107142857142856 0.5267857142857143 0.07142857142857142 0.07142857142857142 
0 0.03571428571428571 0.6160714285714286 0.07142857142857142 0.08928571428571429 
0 0.033482142857142856 0.7232142857142857 0.06696428571428571 0.0625 
0 0.03794642857142857 0.8236607142857143 0.07589285714285714 0.06696428571428571 
0 0.03794642857142857 0.9174107142857143 0.07589285714285714 0.07589285714285714 
0 0.23660714285714285 0.08258928571428571 0.08035714285714286 0.06696428571428571 
0 0.3013392857142857 0.12723214285714285 0.07589285714285714 0.08482142857142858 
0 0.22991071428571427 0.18080357142857142 0.07589285714285714 0.05803571428571429 
0 0.3013392857142857 0.22544642857142858 0.07589285714285714 0.06696428571428571 
0 0.22767857142857142 0.28125 0.08928571428571429 0.0625 
0 0.30580357142857145 0.33705357142857145 0.06696428571428571 0.06696428571428571 
0 0.22321428571428573 0.38169642857142855 0.09821428571428571 0.06696428571428571 
0 0.3013392857142857 0.4263392857142857 0.07589285714285714 0.06696428571428571 
0 0.22321428571428573 0.47098214285714285 0.08928571428571429 0.06696428571428571 
0 0.29464285714285715 0.5267857142857143 0.08035714285714286 0.07142857142857142 
0 0.22321428571428573 0.5736607142857143 0.08928571428571429 0.06696428571428571 
0 0.29464285714285715 0.625 0.08035714285714286 0.07142857142857142 
0 0.22321428571428573 0.6763392857142857 0.08035714285714286 0.06696428571428571 
0 0.28794642857142855 0.7209821428571429 0.08482142857142858 0.07589285714285714 
0 0.21875 0.7745535714285714 0.08035714285714286 0.05803571428571429 
0 0.29464285714285715 0.8325892857142857 0.08035714285714286 0.07589285714285714 
0 0.21428571428571427 0.8816964285714286 0.08928571428571429 0.06696428571428571 
0 0.2857142857142857 0.9330357142857143 0.08035714285714286 0.0625 
0 0.21651785714285715 0.9799107142857143 0.09375 0.04017857142857143 
0 0.49330357142857145 0.03571428571428571 0.08482142857142858 0.0625 
0 0.5625 0.07142857142857142 0.08035714285714286 0.07142857142857142 
0 0.4955357142857143 0.12053571428571429 0.08928571428571429 0.05357142857142857 
0 0.5558035714285714 0.16964285714285715 0.07589285714285714 0.0625 
0 0.48660714285714285 0.22767857142857142 0.08928571428571429 0.05357142857142857 
0 0.5580357142857143 0.2767857142857143 0.07142857142857142 0.05357142857142857 
0 0.49107142857142855 0.3325892857142857 0.08035714285714286 0.07589285714285714 
0 0.5625 0.3794642857142857 0.07142857142857142 0.0625 
0 0.48660714285714285 0.43080357142857145 0.08035714285714286 0.05803571428571429 
0 0.5558035714285714 0.4799107142857143 0.07589285714285714 0.07589285714285714 
0 0.484375 0.5223214285714286 0.08482142857142858 0.0625 
0 0.5513392857142857 0.5803571428571429 0.07589285714285714 0.0625 
0 0.484375 0.6272321428571429 0.07589285714285714 0.06696428571428571 
0 0.5535714285714286 0.6741071428571429 0.07142857142857142 0.07142857142857142 
0 0.4799107142857143 0.7299107142857143 0.08482142857142858 0.05803571428571429 
0 0.5513392857142857 0.7767857142857143 0.07589285714285714 0.07142857142857142 
0 0.484375 0.8303571428571429 0.08482142857142858 0.0625 
0 0.5491071428571429 0.875 0.07142857142857142 0.0625 
0 0.47767857142857145 0.9174107142857143 0.08035714285714286 0.049107142857142856 
0 0.546875 0.9754464285714286 0.08482142857142858 0.049107142857142856 
0 0.7366071428571429 0.9732142857142857 0.08035714285714286 0.05357142857142857 
0 0.8035714285714286 0.9330357142857143 0.07142857142857142 0.07142857142857142 
0 0.8102678571428571 0.8325892857142857 0.06696428571428571 0.06696428571428571 
0 0.7477678571428571 0.7790178571428571 0.08482142857142858 0.06696428571428571 
0 0.8058035714285714 0.7254464285714286 0.07589285714285714 0.07589285714285714 
0 0.7410714285714286 0.6785714285714286 0.08035714285714286 0.0625 
0 0.8080357142857143 0.6294642857142857 0.08035714285714286 0.0625 
0 0.7433035714285714 0.5758928571428571 0.08482142857142858 0.07142857142857142 
0 0.8169642857142857 0.5379464285714286 0.08035714285714286 0.07589285714285714 
0 0.7455357142857143 0.48214285714285715 0.08928571428571429 0.0625 
0 0.8191964285714286 0.42410714285714285 0.08482142857142858 0.07142857142857142 
0 0.7544642857142857 0.3950892857142857 0.08035714285714286 0.05803571428571429 
0 0.8169642857142857 0.328125 0.07142857142857142 0.05803571428571429 
0 0.8258928571428571 0.22544642857142858 0.07142857142857142 0.07589285714285714 
0 0.7633928571428571 0.17410714285714285 0.07142857142857142 0.0625 
0 0.8236607142857143 0.12946428571428573 0.08482142857142858 0.07142857142857142 
0 0.7611607142857143 0.08482142857142858 0.07589285714285714 0.07142857142857142 
0 0.8236607142857143 0.033482142857142856 0.08482142857142858 0.06696428571428571 
