0 0.5535714285714286 0.06696428571428571 0.13392857142857142 0.13392857142857142 
0 0.42857142857142855 0.15178571428571427 0.13392857142857142 0.14285714285714285 
0 0.4263392857142857 0.38839285714285715 0.13839285714285715 0.13392857142857142 
0 0.5602678571428571 0.48660714285714285 0.14732142857142858 0.14285714285714285 
0 0.43526785714285715 0.6071428571428571 0.13839285714285715 0.13392857142857142 
0 0.5625 0.7165178571428571 0.14285714285714285 0.16517857142857142 
0 0.42857142857142855 0.8169642857142857 0.14285714285714285 0.14285714285714285 
0 0.9352678571428571 0.16517857142857142 0.12946428571428573 0.15178571428571427 
0 0.9375 0.37723214285714285 0.125 0.12946428571428573 
0 0.9397321428571429 0.6071428571428571 0.12053571428571429 0.125 
0 0.9397321428571429 0.8392857142857143 0.12053571428571429 0.14285714285714285 
