0 0.390625 0.15178571428571427 0.15625 0.16071428571428573 
0 0.5022321428571429 0.28348214285714285 0.16517857142857142 0.15625 
0 0.5178571428571429 0.4955357142857143 0.13392857142857142 0.11607142857142858 
0 0.39285714285714285 0.6138392857142857 0.13392857142857142 0.12053571428571429 
0 0.5133928571428571 0.7120535714285714 0.16071428571428573 0.10267857142857142 
0 0.38839285714285715 0.8325892857142857 0.14285714285714285 0.11160714285714286 
0 0.5111607142857143 0.9375 0.15625 0.125 
0 0.921875 0.044642857142857144 0.15625 0.08928571428571429 
0 0.921875 0.265625 0.15625 0.12053571428571429 
0 0.921875 0.4799107142857143 0.13839285714285715 0.14732142857142858 
0 0.9308035714285714 0.7008928571428571 0.13839285714285715 0.125 
0 0.9285714285714286 0.9263392857142857 0.125 0.12946428571428573 
