0 0.9441964285714286 0.15401785714285715 0.11160714285714286 0.15625 
0 0.9441964285714286 0.36830357142857145 0.11160714285714286 0.16517857142857142 
0 0.9464285714285714 0.5982142857142857 0.10714285714285714 0.14285714285714285 
0 0.9419642857142857 0.8102678571428571 0.11607142857142858 0.13839285714285715 
0 0.4174107142857143 0.05803571428571429 0.20089285714285715 0.11607142857142858 
0 0.5357142857142857 0.16294642857142858 0.17857142857142858 0.08482142857142858 
0 0.41517857142857145 0.24330357142857142 0.17857142857142858 0.08482142857142858 
0 0.5491071428571429 0.3125 0.17857142857142858 0.08928571428571429 
0 0.41964285714285715 0.3950892857142857 0.16964285714285715 0.09375 
0 0.5558035714285714 0.48660714285714285 0.16517857142857142 0.09821428571428571 
0 0.42410714285714285 0.5580357142857143 0.16964285714285715 0.10714285714285714 
0 0.5401785714285714 0.6428571428571429 0.19642857142857142 0.09821428571428571 
0 0.41964285714285715 0.7254464285714286 0.16964285714285715 0.09375 
0 0.5558035714285714 0.796875 0.17410714285714285 0.08482142857142858 
0 0.4263392857142857 0.890625 0.17410714285714285 0.07589285714285714 
0 0.5558035714285714 0.9598214285714286 0.16517857142857142 0.08035714285714286 
