0 0.125 0.14955357142857142 0.16071428571428573 0.11160714285714286 
0 0.12723214285714285 0.48214285714285715 0.15625 0.125 
0 0.12946428571428573 0.6495535714285714 0.16071428571428573 0.12053571428571429 
0 0.12946428571428573 0.9620535714285714 0.16071428571428573 0.07589285714285714 
0 0.5089285714285714 0.15401785714285715 0.15178571428571427 0.12946428571428573 
0 0.5111607142857143 0.3169642857142857 0.15625 0.13392857142857142 
0 0.5089285714285714 0.4955357142857143 0.15178571428571427 0.14285714285714285 
0 0.515625 0.6651785714285714 0.15625 0.13392857142857142 
0 0.5133928571428571 0.8214285714285714 0.16071428571428573 0.13392857142857142 
0 0.5089285714285714 0.96875 0.15178571428571427 0.0625 
