0 0.7566964285714286 0.6361607142857143 0.06696428571428571 0.08482142857142858 
0 0.8102678571428571 0.5758928571428571 0.06696428571428571 0.07142857142857142 
0 0.8125 0.6584821428571429 0.05357142857142857 0.07589285714285714 
0 0.7544642857142857 0.7120535714285714 0.05357142857142857 0.05803571428571429 
0 0.8058035714285714 0.7410714285714286 0.06696428571428571 0.07142857142857142 
0 0.7589285714285714 0.78125 0.0625 0.05357142857142857 
0 0.8080357142857143 0.8191964285714286 0.0625 0.06696428571428571 
0 0.7633928571428571 0.8638392857142857 0.0625 0.05803571428571429 
0 0.8080357142857143 0.8995535714285714 0.0625 0.05803571428571429 
0 0.9553571428571429 0.29910714285714285 0.07142857142857142 0.07142857142857142 
0 0.9620535714285714 0.38839285714285715 0.05803571428571429 0.05357142857142857 
0 0.953125 0.4732142857142857 0.05803571428571429 0.07142857142857142 
0 0.9486607142857143 0.5401785714285714 0.05803571428571429 0.07142857142857142 
0 0.9553571428571429 0.6138392857142857 0.0625 0.05803571428571429 
0 0.9575892857142857 0.7008928571428571 0.049107142857142856 0.0625 
0 0.9486607142857143 0.7767857142857143 0.049107142857142856 0.0625 
0 0.9866071428571429 0.8214285714285714 0.026785714285714284 0.044642857142857144 
0 0.9553571428571429 0.8571428571428571 0.044642857142857144 0.0625 
0 0.984375 0.8794642857142857 0.03125 0.0625 
0 0.9598214285714286 0.9196428571428571 0.05357142857142857 0.05357142857142857 
0 0.984375 0.9575892857142857 0.03125 0.05803571428571429 
