0 0.06696428571428571 0.7745535714285714 0.08035714285714286 0.07589285714285714 
0 0.06473214285714286 0.8727678571428571 0.08482142857142858 0.05803571428571429 
0 0.022321428571428572 0.9375 0.044642857142857144 0.0625 
0 0.07142857142857142 0.9732142857142857 0.08928571428571429 0.05357142857142857 
0 0.25892857142857145 0.9776785714285714 0.08035714285714286 0.044642857142857144 
0 0.25892857142857145 0.8794642857142857 0.08035714285714286 0.05357142857142857 
0 0.3325892857142857 0.8348214285714286 0.08482142857142858 0.0625 
0 0.26785714285714285 0.7767857142857143 0.08928571428571429 0.0625 
0 0.546875 0.8080357142857143 0.08482142857142858 0.07142857142857142 
0 0.5379464285714286 0.90625 0.08482142857142858 0.08035714285714286 
