0 0.07366071428571429 0.09821428571428571 0.07589285714285714 0.0625 
0 0.31026785714285715 0.03125 0.08482142857142858 0.0625 
0 0.37723214285714285 0.08705357142857142 0.08482142857142858 0.06696428571428571 
0 0.3013392857142857 0.15625 0.08482142857142858 0.07142857142857142 
0 0.6116071428571429 0.14732142857142858 0.08035714285714286 0.08035714285714286 
0 0.6160714285714286 0.029017857142857144 0.08035714285714286 0.05803571428571429 
0 0.8950892857142857 0.022321428571428572 0.06696428571428571 0.044642857142857144 
0 0.953125 0.06473214285714286 0.05803571428571429 0.05803571428571429 
0 0.890625 0.11830357142857142 0.07589285714285714 0.049107142857142856 
0 0.9575892857142857 0.16294642857142858 0.05803571428571429 0.05803571428571429 
0 0.546875 0.9508928571428571 0.19196428571428573 0.09821428571428571 
