0 0.06919642857142858 0.06696428571428571 0.07589285714285714 0.05357142857142857 
0 0.3013392857142857 0.024553571428571428 0.06696428571428571 0.049107142857142856 
0 0.36160714285714285 0.06696428571428571 0.08035714285714286 0.0625 
0 0.30357142857142855 0.14955357142857142 0.07142857142857142 0.07589285714285714 
0 0.37723214285714285 0.203125 0.07589285714285714 0.06696428571428571 
0 0.30580357142857145 0.25892857142857145 0.07589285714285714 0.07142857142857142 
0 0.375 0.33035714285714285 0.08035714285714286 0.07142857142857142 
0 0.3169642857142857 0.38169642857142855 0.07142857142857142 0.05803571428571429 
0 0.375 0.45535714285714285 0.07142857142857142 0.0625 
0 0.31473214285714285 0.515625 0.08482142857142858 0.06696428571428571 
0 0.37723214285714285 0.5803571428571429 0.05803571428571429 0.0625 
0 0.3125 0.640625 0.07142857142857142 0.05803571428571429 
0 0.38169642857142855 0.7120535714285714 0.07589285714285714 0.06696428571428571 
0 0.3169642857142857 0.7790178571428571 0.07142857142857142 0.06696428571428571 
0 0.38169642857142855 0.8348214285714286 0.07589285714285714 0.0625 
0 0.06696428571428571 0.7165178571428571 0.08928571428571429 0.06696428571428571 
0 0.06696428571428571 0.84375 0.08035714285714286 0.07142857142857142 
0 0.07366071428571429 0.9620535714285714 0.07589285714285714 0.07589285714285714 
0 0.31026785714285715 0.9017857142857143 0.07589285714285714 0.0625 
0 0.3794642857142857 0.9620535714285714 0.07142857142857142 0.06696428571428571 
0 0.6116071428571429 0.8950892857142857 0.08035714285714286 0.07589285714285714 
0 0.6160714285714286 0.7633928571428571 0.08035714285714286 0.08035714285714286 
0 0.6183035714285714 0.640625 0.07589285714285714 0.07589285714285714 
0 0.6138392857142857 0.5111607142857143 0.08482142857142858 0.08482142857142858 
0 0.6160714285714286 0.3861607142857143 0.08035714285714286 0.07589285714285714 
0 0.6183035714285714 0.26339285714285715 0.07589285714285714 0.08035714285714286 
0 0.6160714285714286 0.13839285714285715 0.08035714285714286 0.07142857142857142 
0 0.6183035714285714 0.022321428571428572 0.07589285714285714 0.044642857142857144 
0 0.8950892857142857 0.2767857142857143 0.05803571428571429 0.044642857142857144 
0 0.9553571428571429 0.3236607142857143 0.0625 0.06696428571428571 
0 0.9553571428571429 0.43080357142857145 0.0625 0.049107142857142856 
0 0.9017857142857143 0.484375 0.0625 0.049107142857142856 
0 0.9642857142857143 0.5401785714285714 0.0625 0.05357142857142857 
0 0.8928571428571429 0.5870535714285714 0.0625 0.049107142857142856 
0 0.953125 0.6383928571428571 0.05803571428571429 0.044642857142857144 
0 0.8973214285714286 0.6919642857142857 0.0625 0.05357142857142857 
0 0.9575892857142857 0.7455357142857143 0.05803571428571429 0.05357142857142857 
0 0.8950892857142857 0.8035714285714286 0.05803571428571429 0.05357142857142857 
0 0.953125 0.8549107142857143 0.05803571428571429 0.049107142857142856 
0 0.8950892857142857 0.9040178571428571 0.06696428571428571 0.05803571428571429 
0 0.9575892857142857 0.9598214285714286 0.05803571428571429 0.044642857142857144 
