0 0.015625 0.04017857142857143 0.03125 0.05357142857142857 
0 0.20982142857142858 0.017857142857142856 0.05357142857142857 0.03571428571428571 
0 0.16517857142857142 0.05133928571428571 0.05357142857142857 0.05803571428571429 
0 0.20758928571428573 0.08258928571428571 0.06696428571428571 0.06696428571428571 
0 0.16517857142857142 0.12276785714285714 0.0625 0.05803571428571429 
0 0.21205357142857142 0.16071428571428573 0.05803571428571429 0.0625 
0 0.16294642857142858 0.21205357142857142 0.05803571428571429 0.05803571428571429 
0 0.21428571428571427 0.24330357142857142 0.0625 0.06696428571428571 
0 0.53125 0.029017857142857144 0.08035714285714286 0.05803571428571429 
0 0.46205357142857145 0.07366071428571429 0.09375 0.05803571428571429 
0 0.5334821428571429 0.13392857142857142 0.07589285714285714 0.07142857142857142 
0 0.45982142857142855 0.17857142857142858 0.08035714285714286 0.0625 
0 0.5267857142857143 0.21651785714285715 0.07142857142857142 0.06696428571428571 
0 0.45982142857142855 0.27232142857142855 0.08035714285714286 0.07142857142857142 
0 0.5223214285714286 0.31919642857142855 0.08928571428571429 0.06696428571428571 
0 0.453125 0.3794642857142857 0.08482142857142858 0.0625 
0 0.5223214285714286 0.4263392857142857 0.08928571428571429 0.07589285714285714 
0 0.45089285714285715 0.4799107142857143 0.08928571428571429 0.05803571428571429 
0 0.5178571428571429 0.5245535714285714 0.09821428571428571 0.08482142857142858 
0 0.453125 0.578125 0.07589285714285714 0.05803571428571429 
0 0.5223214285714286 0.6272321428571429 0.08035714285714286 0.07589285714285714 
0 0.7901785714285714 0.03125 0.07142857142857142 0.0625 
0 0.7120535714285714 0.08258928571428571 0.08482142857142858 0.049107142857142856 
0 0.7834821428571429 0.12946428571428573 0.08482142857142858 0.0625 
0 0.7098214285714286 0.18080357142857142 0.08035714285714286 0.049107142857142856 
0 0.7834821428571429 0.23214285714285715 0.08482142857142858 0.07142857142857142 
0 0.7165178571428571 0.28125 0.09375 0.05357142857142857 
0 0.78125 0.3236607142857143 0.08035714285714286 0.07589285714285714 
0 0.7098214285714286 0.38392857142857145 0.08035714285714286 0.0625 
0 0.7745535714285714 0.43080357142857145 0.08482142857142858 0.06696428571428571 
0 0.7075892857142857 0.47767857142857145 0.07589285714285714 0.05357142857142857 
0 0.7767857142857143 0.53125 0.08035714285714286 0.0625 
0 0.6986607142857143 0.5825892857142857 0.08482142857142858 0.05803571428571429 
0 0.7120535714285714 0.6852678571428571 0.09375 0.05803571428571429 
0 0.7767857142857143 0.7321428571428571 0.08928571428571429 0.0625 
0 0.7008928571428571 0.7834821428571429 0.07142857142857142 0.05803571428571429 
0 0.7678571428571429 0.8258928571428571 0.09821428571428571 0.08928571428571429 
0 0.9709821428571429 0.03571428571428571 0.05803571428571429 0.05357142857142857 
0 0.96875 0.13392857142857142 0.0625 0.0625 
0 0.9665178571428571 0.22544642857142858 0.06696428571428571 0.05803571428571429 
0 0.9665178571428571 0.32589285714285715 0.06696428571428571 0.05357142857142857 
0 0.9620535714285714 0.42857142857142855 0.07589285714285714 0.07142857142857142 
0 0.9642857142857143 0.5223214285714286 0.07142857142857142 0.0625 
0 0.9620535714285714 0.6294642857142857 0.07589285714285714 0.05357142857142857 
0 0.9620535714285714 0.7299107142857143 0.07589285714285714 0.049107142857142856 
0 0.9575892857142857 0.8348214285714286 0.07589285714285714 0.0625 
0 0.9598214285714286 0.9419642857142857 0.08035714285714286 0.0625 
0 0.07142857142857142 0.5625 0.07142857142857142 0.08035714285714286 
0 0.06696428571428571 0.6897321428571429 0.08035714285714286 0.06696428571428571 
0 0.07142857142857142 0.8169642857142857 0.08035714285714286 0.0625 
0 0.07142857142857142 0.953125 0.07142857142857142 0.06696428571428571 
0 0.31026785714285715 0.8727678571428571 0.06696428571428571 0.06696428571428571 
0 0.38392857142857145 0.9464285714285714 0.07142857142857142 0.07142857142857142 
