0 0.3125 0.08035714285714286 0.1875 0.13392857142857142 
0 0.15178571428571427 0.19642857142857142 0.20535714285714285 0.14285714285714285 
0 0.2924107142857143 0.28794642857142855 0.19196428571428573 0.14732142857142858 
0 0.16964285714285715 0.4174107142857143 0.1875 0.12946428571428573 
0 0.30580357142857145 0.5290178571428571 0.19196428571428573 0.13839285714285715 
0 0.16294642857142858 0.6383928571428571 0.19196428571428573 0.13392857142857142 
0 0.3125 0.7299107142857143 0.16964285714285715 0.13839285714285715 
0 0.15178571428571427 0.8526785714285714 0.17857142857142858 0.13392857142857142 
0 0.3013392857142857 0.9464285714285714 0.17410714285714285 0.10714285714285714 
0 0.78125 0.04241071428571429 0.20535714285714285 0.08482142857142858 
0 0.9263392857142857 0.12946428571428573 0.14732142857142858 0.13392857142857142 
0 0.7745535714285714 0.24776785714285715 0.19196428571428573 0.13839285714285715 
0 0.9285714285714286 0.35044642857142855 0.14285714285714285 0.13839285714285715 
0 0.7678571428571429 0.453125 0.19642857142857142 0.14732142857142858 
0 0.9174107142857143 0.5491071428571429 0.16517857142857142 0.11607142857142858 
0 0.7834821428571429 0.6830357142857143 0.18303571428571427 0.16071428571428573 
0 0.9151785714285714 0.7723214285714286 0.16964285714285715 0.14285714285714285 
0 0.78125 0.9084821428571429 0.1875 0.12946428571428573 
