0 0.20535714285714285 0.36607142857142855 0.07142857142857142 0.044642857142857144 
0 0.20089285714285715 0.26785714285714285 0.07142857142857142 0.044642857142857144 
0 0.19866071428571427 0.16071428571428573 0.05803571428571429 0.03571428571428571 
0 0.19866071428571427 0.060267857142857144 0.06696428571428571 0.049107142857142856 
0 0.5223214285714286 0.013392857142857142 0.044642857142857144 0.026785714285714284 
0 0.48214285714285715 0.04017857142857143 0.044642857142857144 0.044642857142857144 
0 0.5200892857142857 0.07589285714285714 0.04017857142857143 0.044642857142857144 
0 0.4732142857142857 0.10714285714285714 0.044642857142857144 0.044642857142857144 
0 0.5133928571428571 0.14955357142857142 0.044642857142857144 0.04017857142857143 
0 0.65625 0.27455357142857145 0.044642857142857144 0.049107142857142856 
0 0.703125 0.24553571428571427 0.04017857142857143 0.044642857142857144 
0 0.6607142857142857 0.20758928571428573 0.044642857142857144 0.049107142857142856 
0 0.703125 0.17857142857142858 0.04017857142857143 0.044642857142857144 
0 0.6651785714285714 0.140625 0.03571428571428571 0.04017857142857143 
0 0.7008928571428571 0.11607142857142858 0.044642857142857144 0.044642857142857144 
0 0.6584821428571429 0.07142857142857142 0.04017857142857143 0.03571428571428571 
0 0.6986607142857143 0.029017857142857144 0.04017857142857143 0.05803571428571429 
0 0.6584821428571429 0.013392857142857142 0.049107142857142856 0.026785714285714284 
0 0.8883928571428571 0.03794642857142857 0.044642857142857144 0.049107142857142856 
0 0.890625 0.11607142857142858 0.049107142857142856 0.05357142857142857 
0 0.8839285714285714 0.17857142857142858 0.044642857142857144 0.044642857142857144 
0 0.84375 0.22098214285714285 0.044642857142857144 0.04017857142857143 
0 0.8816964285714286 0.2544642857142857 0.049107142857142856 0.044642857142857144 
0 0.84375 0.28794642857142855 0.044642857142857144 0.049107142857142856 
0 0.15625 0.9508928571428571 0.20535714285714285 0.09821428571428571 
