0 0.21428571428571427 0.09375 0.19642857142857142 0.14285714285714285 
0 0.06919642857142858 0.22321428571428573 0.13839285714285715 0.15178571428571427 
0 0.20758928571428573 0.3236607142857143 0.18303571428571427 0.12946428571428573 
0 0.07142857142857142 0.4486607142857143 0.14285714285714285 0.13839285714285715 
0 0.203125 0.5446428571428571 0.19196428571428573 0.125 
0 0.07142857142857142 0.6607142857142857 0.14285714285714285 0.125 
0 0.20535714285714285 0.7700892857142857 0.19642857142857142 0.12946428571428573 
0 0.06696428571428571 0.8839285714285714 0.13392857142857142 0.13392857142857142 
0 0.20982142857142858 0.9508928571428571 0.20535714285714285 0.09821428571428571 
0 0.6629464285714286 0.05357142857142857 0.20089285714285715 0.10714285714285714 
0 0.8303571428571429 0.14732142857142858 0.17857142857142858 0.125 
0 0.6674107142857143 0.25892857142857145 0.20089285714285715 0.15178571428571427 
0 0.8392857142857143 0.3638392857142857 0.17857142857142858 0.13839285714285715 
0 0.6763392857142857 0.4642857142857143 0.20089285714285715 0.15178571428571427 
0 0.8191964285714286 0.5848214285714286 0.20089285714285715 0.13392857142857142 
0 0.6674107142857143 0.6964285714285714 0.20089285714285715 0.14285714285714285 
0 0.8303571428571429 0.8013392857142857 0.19642857142857142 0.11160714285714286 
0 0.6651785714285714 0.921875 0.20535714285714285 0.12946428571428573 
