0 0.28348214285714285 0.05133928571428571 0.19196428571428573 0.10267857142857142 
0 0.4263392857142857 0.14508928571428573 0.18303571428571427 0.14732142857142858 
0 0.28348214285714285 0.25223214285714285 0.19196428571428573 0.14732142857142858 
0 0.43973214285714285 0.35044642857142855 0.20089285714285715 0.14732142857142858 
0 0.28348214285714285 0.46875 0.18303571428571427 0.13392857142857142 
0 0.4330357142857143 0.5803571428571429 0.1875 0.14285714285714285 
0 0.29910714285714285 0.7008928571428571 0.19642857142857142 0.15178571428571427 
0 0.42857142857142855 0.8058035714285714 0.17857142857142858 0.12946428571428573 
0 0.28348214285714285 0.9196428571428571 0.19196428571428573 0.14285714285714285 
0 0.90625 0.08035714285714286 0.1875 0.13392857142857142 
0 0.8995535714285714 0.29910714285714285 0.18303571428571427 0.13392857142857142 
0 0.9084821428571429 0.5178571428571429 0.18303571428571427 0.14285714285714285 
0 0.8995535714285714 0.7366071428571429 0.19196428571428573 0.13392857142857142 
0 0.8928571428571429 0.9486607142857143 0.19642857142857142 0.10267857142857142 
