0 0.5066964285714286 0.8526785714285714 0.07589285714285714 0.03571428571428571 
0 0.5022321428571429 0.9821428571428571 0.06696428571428571 0.03571428571428571 
0 0.7879464285714286 0.8705357142857143 0.05803571428571429 0.03571428571428571 
0 0.7924107142857143 0.9419642857142857 0.05803571428571429 0.044642857142857144 
0 0.9776785714285714 0.43973214285714285 0.044642857142857144 0.03125 
0 0.9754464285714286 0.5044642857142857 0.049107142857142856 0.03571428571428571 
0 0.9754464285714286 0.5736607142857143 0.049107142857142856 0.03125 
0 0.9754464285714286 0.6428571428571429 0.049107142857142856 0.026785714285714284 
0 0.9754464285714286 0.7142857142857143 0.049107142857142856 0.03571428571428571 
0 0.9709821428571429 0.7767857142857143 0.05803571428571429 0.03571428571428571 
0 0.9709821428571429 0.8392857142857143 0.05803571428571429 0.044642857142857144 
0 0.9709821428571429 0.9084821428571429 0.05803571428571429 0.04017857142857143 
0 0.9732142857142857 0.9776785714285714 0.05357142857142857 0.044642857142857144 
