0 0.5066964285714286 0.11383928571428571 0.06696428571428571 0.04017857142857143 
0 0.7924107142857143 0.013392857142857142 0.06696428571428571 0.026785714285714284 
0 0.796875 0.08258928571428571 0.05803571428571429 0.03125 
0 0.796875 0.15625 0.06696428571428571 0.03571428571428571 
0 0.9754464285714286 0.044642857142857144 0.049107142857142856 0.05357142857142857 
0 0.9732142857142857 0.109375 0.05357142857142857 0.03125 
0 0.26785714285714285 0.6651785714285714 0.125 0.11607142857142858 
0 0.38392857142857145 0.5758928571428571 0.15178571428571427 0.15178571428571427 
0 0.390625 0.7678571428571429 0.14732142857142858 0.14285714285714285 
0 0.26785714285714285 0.8950892857142857 0.13392857142857142 0.14732142857142858 
