0 0.11830357142857142 0.05803571428571429 0.16517857142857142 0.11607142857142858 
0 0.109375 0.27232142857142855 0.13839285714285715 0.125 
0 0.10714285714285714 0.49776785714285715 0.14285714285714285 0.12946428571428573 
0 0.10714285714285714 0.7165178571428571 0.14285714285714285 0.13839285714285715 
0 0.65625 0.05803571428571429 0.15178571428571427 0.11607142857142858 
0 0.5290178571428571 0.171875 0.15625 0.12053571428571429 
0 0.6584821428571429 0.2767857142857143 0.13839285714285715 0.125 
0 0.53125 0.38392857142857145 0.16071428571428573 0.125 
0 0.6629464285714286 0.49330357142857145 0.14732142857142858 0.13839285714285715 
0 0.53125 0.6160714285714286 0.15178571428571427 0.13392857142857142 
0 0.6629464285714286 0.7254464285714286 0.14732142857142858 0.12053571428571429 
0 0.5290178571428571 0.8370535714285714 0.14732142857142858 0.12946428571428573 
