0 0.9285714285714286 0.15178571428571427 0.13392857142857142 0.14285714285714285 
0 0.9263392857142857 0.38839285714285715 0.13839285714285715 0.13392857142857142 
0 0.9330357142857143 0.6071428571428571 0.13392857142857142 0.13392857142857142 
0 0.9285714285714286 0.8169642857142857 0.14285714285714285 0.14285714285714285 
0 0.40401785714285715 0.05357142857142857 0.14732142857142858 0.10714285714285714 
0 0.265625 0.140625 0.15625 0.13839285714285715 
0 0.2767857142857143 0.375 0.16964285714285715 0.13392857142857142 
0 0.4107142857142857 0.4888392857142857 0.15178571428571427 0.11160714285714286 
0 0.27455357142857145 0.5848214285714286 0.15625 0.13392857142857142 
0 0.41294642857142855 0.7053571428571429 0.15625 0.14285714285714285 
0 0.27901785714285715 0.8080357142857143 0.13839285714285715 0.13392857142857142 
