0 0.060267857142857144 0.06696428571428571 0.12053571428571429 0.13392857142857142 
0 0.06696428571428571 0.48660714285714285 0.13392857142857142 0.14285714285714285 
0 0.06696428571428571 0.7165178571428571 0.13392857142857142 0.16517857142857142 
0 0.5825892857142857 0.05357142857142857 0.14732142857142858 0.10714285714285714 
0 0.45089285714285715 0.16517857142857142 0.16071428571428573 0.15178571428571427 
0 0.44642857142857145 0.37723214285714285 0.14285714285714285 0.12946428571428573 
0 0.5892857142857143 0.484375 0.14285714285714285 0.12053571428571429 
0 0.4575892857142857 0.6071428571428571 0.15625 0.125 
0 0.578125 0.71875 0.13839285714285715 0.13392857142857142 
0 0.453125 0.8392857142857143 0.14732142857142858 0.14285714285714285 
0 0.953125 0.15625 0.09375 0.13392857142857142 
0 0.953125 0.38839285714285715 0.09375 0.14285714285714285 
0 0.9553571428571429 0.6004464285714286 0.08928571428571429 0.11160714285714286 
0 0.953125 0.8348214285714286 0.09375 0.16964285714285715 
