0 0.19642857142857142 0.04241071428571429 0.14285714285714285 0.08482142857142858 
0 0.05357142857142857 0.12053571428571429 0.10714285714285714 0.08928571428571429 
0 0.19642857142857142 0.24107142857142858 0.14285714285714285 0.13392857142857142 
0 0.0625 0.359375 0.125 0.08482142857142858 
0 0.19642857142857142 0.47544642857142855 0.14285714285714285 0.12946428571428573 
0 0.06696428571428571 0.5825892857142857 0.13392857142857142 0.12946428571428573 
0 0.06919642857142858 0.8035714285714286 0.13839285714285715 0.11607142857142858 
0 0.7254464285714286 0.8549107142857143 0.13839285714285715 0.17410714285714285 
0 0.7053571428571429 0.5558035714285714 0.125 0.12053571428571429 
0 0.7120535714285714 0.33482142857142855 0.12946428571428573 0.14285714285714285 
0 0.7232142857142857 0.11830357142857142 0.13392857142857142 0.15625 
