0 0.765625 0.21651785714285715 0.05803571428571429 0.05803571428571429 
0 0.7232142857142857 0.2544642857142857 0.0625 0.044642857142857144 
0 0.7611607142857143 0.296875 0.06696428571428571 0.05803571428571429 
0 0.7165178571428571 0.34151785714285715 0.05803571428571429 0.05803571428571429 
0 0.7723214285714286 0.38169642857142855 0.0625 0.05803571428571429 
0 0.71875 0.42410714285714285 0.07142857142857142 0.05357142857142857 
0 0.7633928571428571 0.46875 0.0625 0.0625 
0 0.7142857142857143 0.5089285714285714 0.0625 0.044642857142857144 
0 0.7633928571428571 0.5446428571428571 0.07142857142857142 0.05357142857142857 
0 0.7098214285714286 0.5848214285714286 0.0625 0.0625 
0 0.7633928571428571 0.625 0.0625 0.0625 
0 0.7209821428571429 0.6763392857142857 0.05803571428571429 0.05803571428571429 
0 0.7633928571428571 0.7254464285714286 0.0625 0.05803571428571429 
0 0.7120535714285714 0.7566964285714286 0.05803571428571429 0.049107142857142856 
0 0.7611607142857143 0.8013392857142857 0.05803571428571429 0.05803571428571429 
0 0.7075892857142857 0.84375 0.06696428571428571 0.05357142857142857 
0 0.7633928571428571 0.8883928571428571 0.0625 0.05357142857142857 
0 0.7075892857142857 0.9308035714285714 0.06696428571428571 0.05803571428571429 
0 0.7633928571428571 0.9732142857142857 0.0625 0.05357142857142857 
